18
  912.  5.359  0.240  0.593
 1500.  2.828  0.375  0.593
 2800.  1.706  0.595  0.542
 3150.  1.494  0.613  0.554
 4430.  1.000  0.677  0.570
 5640.  0.710  0.700  0.552
 8090.  0.388  0.680  0.475
12590.  0.172  0.576  0.323
22000.  0.072  0.474  0.231
 2200.  2.756  0.457  0.531
 1350.  3.107  0.330  0.626
 1650.  2.480  0.442  0.595
 2000.  2.582  0.475  0.554
 2500.  2.052  0.555  0.531
 3650.  1.264  0.642  0.565
36000.  0.036  0.366  0.108
45000.  0.025  0.293  0.006
58000.  0.018  0.192 -0.061
