18
  912.  3.675  0.246  0.661
 1500.  2.073  0.374  0.650
 2800.  1.580  0.565  0.552
 3150.  1.421  0.584  0.564
 4430.  1.000  0.646  0.568
 5640.  0.733  0.667  0.534
 8090.  0.434  0.649  0.434
12590.  0.218  0.567  0.278
22000.  0.087  0.435  0.129
 2200.  2.454  0.417  0.553
 1350.  2.238  0.344  0.684
 1650.  1.925  0.416  0.642
 2000.  2.211  0.436  0.583
 2500.  1.859  0.521  0.543
 3650.  1.232  0.614  0.573
36000.  0.035  0.264 -0.004
45000.  0.023  0.182 -0.037
58000.  0.015  0.100 -0.052
