wave	f_uv	f_uv4	f_uv6	f_uv7	f_BVIK	f_BVIK3	f_BVIK5	f_bd
uv09	1	1	1	1	0	0	0	0
uv13	1	1	1	1	0	0	0	0
uv15	0.66	0.5	0.9	0.1	0	0	0	0
uv16	1	1	1	1	0	0	0	0
uv20	1	1	1	1	0	0	0	0
uv22	1	1	1	1	0	0	0	0
uv25	1	1	1	1	0	0	0	0
uv28	1	1	1	1	0	0	0	0
uv36	0.25	0.175	0.33	0	0.22	0.3	0.3	0.25
b	0.15	0.1	0.1	0.2	1	1	1	1
v	0.32	0.33	0.7	1	0.37	0.2	0.1	0.35
i	0.22	0.15	0.45	1	0.2	0.13	0.12	0.25
j	1	1	1	1	0.1	0.05	0.06	0.11
k	1	1.1	1	1	0.1	0.05	0.1	0.1
ir36	6.6	3.7	13	1	0.13	0.06	0.1	0.15
ir45	3.6	2	6.6	1	0.1	0.08	0.04	0.1
ir58	15	4.7	30	1	0.30	0.3	0.33	0.06
