PAH charged
Planck-averaged Q_em, Q_abs, Qpr/a
for compatibility four rows,Qpr not calc.
Emissivity <Qem> is computed only for T<1500K
Computed by Jg Fischera
Planck-averaged Q_em for T_d=T_rad
Planck-averaged Q_abs and Q_pr for T_d= 25.00K
41 temperature bins
30 grain sizes:
0.000354813
0.000398107
0.000446684
0.000501187
0.000562341
0.000630957
0.000707946
0.000794328
0.000891251
0.00100000
0.00112202
0.00125893
0.00141254
0.00158489
0.00177828
0.00199526
0.00223872
0.00251189
0.00281838
0.00316228
0.00354813
0.00398107
0.00446684
0.00501187
0.00562341
0.00630957
0.00707946
0.00794328
0.00891251
0.01000000

PAH
3.548E-04= radius (micron)
T_rad    <Qem>/a   <Qabs>/a  <Qpr>/a (micron-1)
5.012E+00 1.363E-05 1.363E-05 0.000E+00
6.310E+00 2.134E-05 2.134E-05 0.000E+00
7.943E+00 3.326E-05 3.326E-05 0.000E+00
1.000E+01 5.151E-05 5.151E-05 0.000E+00
1.259E+01 7.914E-05 7.914E-05 0.000E+00
1.585E+01 1.206E-04 1.206E-04 0.000E+00
1.995E+01 1.825E-04 1.825E-04 0.000E+00
2.512E+01 2.759E-04 2.759E-04 0.000E+00
3.162E+01 4.213E-04 4.213E-04 0.000E+00
3.981E+01 6.607E-04 6.607E-04 0.000E+00
5.012E+01 1.088E-03 1.088E-03 0.000E+00
6.310E+01 1.903E-03 1.903E-03 0.000E+00
7.943E+01 3.424E-03 3.424E-03 0.000E+00
1.000E+02 6.015E-03 6.015E-03 0.000E+00
1.259E+02 1.045E-02 1.045E-02 0.000E+00
1.585E+02 1.942E-02 1.942E-02 0.000E+00
1.995E+02 3.845E-02 3.845E-02 0.000E+00
2.512E+02 7.122E-02 7.122E-02 0.000E+00
3.162E+02 1.111E-01 1.111E-01 0.000E+00
3.981E+02 1.415E-01 1.415E-01 0.000E+00
5.012E+02 1.497E-01 1.497E-01 0.000E+00
6.310E+02 1.354E-01 1.354E-01 0.000E+00
7.943E+02 1.084E-01 1.084E-01 0.000E+00
1.000E+03 7.977E-02 7.977E-02 0.000E+00
1.259E+03 5.618E-02 5.618E-02 0.000E+00
1.585E+03 4.097E-02 4.097E-02 0.000E+00
1.995E+03 0.000E+00 4.331E-02 0.000E+00
2.512E+03 0.000E+00 1.195E-01 0.000E+00
3.162E+03 0.000E+00 4.820E-01 0.000E+00
3.981E+03 0.000E+00 1.655E+00 0.000E+00
5.012E+03 0.000E+00 4.579E+00 0.000E+00
6.310E+03 0.000E+00 1.055E+01 0.000E+00
7.943E+03 0.000E+00 2.056E+01 0.000E+00
1.000E+04 0.000E+00 3.404E+01 0.000E+00
1.259E+04 0.000E+00 4.895E+01 0.000E+00
1.585E+04 0.000E+00 6.473E+01 0.000E+00
1.995E+04 0.000E+00 8.497E+01 0.000E+00
2.512E+04 0.000E+00 1.141E+02 0.000E+00
3.162E+04 0.000E+00 1.494E+02 0.000E+00
3.981E+04 0.000E+00 1.792E+02 0.000E+00
5.012E+04 0.000E+00 1.912E+02 0.000E+00

PAH
3.981E-04= radius (micron)
T_rad    <Qem>/a   <Qabs>/a  <Qpr>/a (micron-1)
5.012E+00 1.318E-05 1.318E-05 0.000E+00
6.310E+00 2.068E-05 2.068E-05 0.000E+00
7.943E+00 3.231E-05 3.231E-05 0.000E+00
1.000E+01 5.024E-05 5.024E-05 0.000E+00
1.259E+01 7.758E-05 7.758E-05 0.000E+00
1.585E+01 1.189E-04 1.189E-04 0.000E+00
1.995E+01 1.812E-04 1.812E-04 0.000E+00
2.512E+01 2.759E-04 2.759E-04 0.000E+00
3.162E+01 4.238E-04 4.238E-04 0.000E+00
3.981E+01 6.674E-04 6.674E-04 0.000E+00
5.012E+01 1.101E-03 1.101E-03 0.000E+00
6.310E+01 1.925E-03 1.925E-03 0.000E+00
7.943E+01 3.457E-03 3.457E-03 0.000E+00
1.000E+02 6.035E-03 6.035E-03 0.000E+00
1.259E+02 1.035E-02 1.035E-02 0.000E+00
1.585E+02 1.895E-02 1.895E-02 0.000E+00
1.995E+02 3.732E-02 3.732E-02 0.000E+00
2.512E+02 6.937E-02 6.937E-02 0.000E+00
3.162E+02 1.088E-01 1.088E-01 0.000E+00
3.981E+02 1.393E-01 1.393E-01 0.000E+00
5.012E+02 1.479E-01 1.479E-01 0.000E+00
6.310E+02 1.341E-01 1.341E-01 0.000E+00
7.943E+02 1.076E-01 1.076E-01 0.000E+00
1.000E+03 7.925E-02 7.925E-02 0.000E+00
1.259E+03 5.592E-02 5.592E-02 0.000E+00
1.585E+03 4.162E-02 4.162E-02 0.000E+00
1.995E+03 0.000E+00 5.006E-02 0.000E+00
2.512E+03 0.000E+00 1.524E-01 0.000E+00
3.162E+03 0.000E+00 5.841E-01 0.000E+00
3.981E+03 0.000E+00 1.876E+00 0.000E+00
5.012E+03 0.000E+00 4.942E+00 0.000E+00
6.310E+03 0.000E+00 1.104E+01 0.000E+00
7.943E+03 0.000E+00 2.116E+01 0.000E+00
1.000E+04 0.000E+00 3.473E+01 0.000E+00
1.259E+04 0.000E+00 4.972E+01 0.000E+00
1.585E+04 0.000E+00 6.561E+01 0.000E+00
1.995E+04 0.000E+00 8.603E+01 0.000E+00
2.512E+04 0.000E+00 1.154E+02 0.000E+00
3.162E+04 0.000E+00 1.511E+02 0.000E+00
3.981E+04 0.000E+00 1.810E+02 0.000E+00
5.012E+04 0.000E+00 1.930E+02 0.000E+00

PAH
4.467E-04= radius (micron)
T_rad    <Qem>/a   <Qabs>/a  <Qpr>/a (micron-1)
5.012E+00 1.265E-05 1.265E-05 0.000E+00
6.310E+00 1.987E-05 1.987E-05 0.000E+00
7.943E+00 3.112E-05 3.112E-05 0.000E+00
1.000E+01 4.853E-05 4.853E-05 0.000E+00
1.259E+01 7.525E-05 7.525E-05 0.000E+00
1.585E+01 1.159E-04 1.159E-04 0.000E+00
1.995E+01 1.777E-04 1.777E-04 0.000E+00
2.512E+01 2.720E-04 2.720E-04 0.000E+00
3.162E+01 4.198E-04 4.198E-04 0.000E+00
3.981E+01 6.630E-04 6.630E-04 0.000E+00
5.012E+01 1.094E-03 1.094E-03 0.000E+00
6.310E+01 1.911E-03 1.911E-03 0.000E+00
7.943E+01 3.419E-03 3.419E-03 0.000E+00
1.000E+02 5.911E-03 5.911E-03 0.000E+00
1.259E+02 9.931E-03 9.931E-03 0.000E+00
1.585E+02 1.776E-02 1.776E-02 0.000E+00
1.995E+02 3.467E-02 3.467E-02 0.000E+00
2.512E+02 6.480E-02 6.480E-02 0.000E+00
3.162E+02 1.026E-01 1.026E-01 0.000E+00
3.981E+02 1.324E-01 1.324E-01 0.000E+00
5.012E+02 1.414E-01 1.414E-01 0.000E+00
6.310E+02 1.288E-01 1.288E-01 0.000E+00
7.943E+02 1.037E-01 1.037E-01 0.000E+00
1.000E+03 7.655E-02 7.655E-02 0.000E+00
1.259E+03 5.435E-02 5.435E-02 0.000E+00
1.585E+03 4.258E-02 4.258E-02 0.000E+00
1.995E+03 0.000E+00 6.223E-02 0.000E+00
2.512E+03 0.000E+00 2.012E-01 0.000E+00
3.162E+03 0.000E+00 7.081E-01 0.000E+00
3.981E+03 0.000E+00 2.095E+00 0.000E+00
5.012E+03 0.000E+00 5.221E+00 0.000E+00
6.310E+03 0.000E+00 1.129E+01 0.000E+00
7.943E+03 0.000E+00 2.129E+01 0.000E+00
1.000E+04 0.000E+00 3.468E+01 0.000E+00
1.259E+04 0.000E+00 4.946E+01 0.000E+00
1.585E+04 0.000E+00 6.515E+01 0.000E+00
1.995E+04 0.000E+00 8.534E+01 0.000E+00
2.512E+04 0.000E+00 1.144E+02 0.000E+00
3.162E+04 0.000E+00 1.498E+02 0.000E+00
3.981E+04 0.000E+00 1.796E+02 0.000E+00
5.012E+04 0.000E+00 1.915E+02 0.000E+00

PAH
5.012E-04= radius (micron)
T_rad    <Qem>/a   <Qabs>/a  <Qpr>/a (micron-1)
5.012E+00 1.220E-05 1.220E-05 0.000E+00
6.310E+00 1.918E-05 1.918E-05 0.000E+00
7.943E+00 3.009E-05 3.009E-05 0.000E+00
1.000E+01 4.705E-05 4.705E-05 0.000E+00
1.259E+01 7.323E-05 7.323E-05 0.000E+00
1.585E+01 1.134E-04 1.134E-04 0.000E+00
1.995E+01 1.747E-04 1.747E-04 0.000E+00
2.512E+01 2.689E-04 2.689E-04 0.000E+00
3.162E+01 4.170E-04 4.170E-04 0.000E+00
3.981E+01 6.609E-04 6.609E-04 0.000E+00
5.012E+01 1.092E-03 1.092E-03 0.000E+00
6.310E+01 1.906E-03 1.906E-03 0.000E+00
7.943E+01 3.400E-03 3.400E-03 0.000E+00
1.000E+02 5.835E-03 5.835E-03 0.000E+00
1.259E+02 9.659E-03 9.659E-03 0.000E+00
1.585E+02 1.697E-02 1.697E-02 0.000E+00
1.995E+02 3.290E-02 3.290E-02 0.000E+00
2.512E+02 6.174E-02 6.174E-02 0.000E+00
3.162E+02 9.839E-02 9.839E-02 0.000E+00
3.981E+02 1.278E-01 1.278E-01 0.000E+00
5.012E+02 1.371E-01 1.371E-01 0.000E+00
6.310E+02 1.252E-01 1.252E-01 0.000E+00
7.943E+02 1.010E-01 1.010E-01 0.000E+00
1.000E+03 7.475E-02 7.475E-02 0.000E+00
1.259E+03 5.332E-02 5.332E-02 0.000E+00
1.585E+03 4.313E-02 4.313E-02 0.000E+00
1.995E+03 0.000E+00 6.835E-02 0.000E+00
2.512E+03 0.000E+00 2.220E-01 0.000E+00
3.162E+03 0.000E+00 7.532E-01 0.000E+00
3.981E+03 0.000E+00 2.162E+00 0.000E+00
5.012E+03 0.000E+00 5.290E+00 0.000E+00
6.310E+03 0.000E+00 1.133E+01 0.000E+00
7.943E+03 0.000E+00 2.126E+01 0.000E+00
1.000E+04 0.000E+00 3.455E+01 0.000E+00
1.259E+04 0.000E+00 4.924E+01 0.000E+00
1.585E+04 0.000E+00 6.482E+01 0.000E+00
1.995E+04 0.000E+00 8.489E+01 0.000E+00
2.512E+04 0.000E+00 1.138E+02 0.000E+00
3.162E+04 0.000E+00 1.490E+02 0.000E+00
3.981E+04 0.000E+00 1.787E+02 0.000E+00
5.012E+04 0.000E+00 1.906E+02 0.000E+00

PAH
5.623E-04= radius (micron)
T_rad    <Qem>/a   <Qabs>/a  <Qpr>/a (micron-1)
5.012E+00 1.186E-05 1.186E-05 0.000E+00
6.310E+00 1.867E-05 1.867E-05 0.000E+00
7.943E+00 2.934E-05 2.934E-05 0.000E+00
1.000E+01 4.598E-05 4.598E-05 0.000E+00
1.259E+01 7.181E-05 7.181E-05 0.000E+00
1.585E+01 1.117E-04 1.117E-04 0.000E+00
1.995E+01 1.730E-04 1.730E-04 0.000E+00
2.512E+01 2.678E-04 2.678E-04 0.000E+00
3.162E+01 4.176E-04 4.176E-04 0.000E+00
3.981E+01 6.647E-04 6.647E-04 0.000E+00
5.012E+01 1.101E-03 1.101E-03 0.000E+00
6.310E+01 1.922E-03 1.922E-03 0.000E+00
7.943E+01 3.424E-03 3.424E-03 0.000E+00
1.000E+02 5.843E-03 5.843E-03 0.000E+00
1.259E+02 9.553E-03 9.553E-03 0.000E+00
1.585E+02 1.652E-02 1.652E-02 0.000E+00
1.995E+02 3.185E-02 3.185E-02 0.000E+00
2.512E+02 6.000E-02 6.000E-02 0.000E+00
3.162E+02 9.619E-02 9.619E-02 0.000E+00
3.981E+02 1.256E-01 1.256E-01 0.000E+00
5.012E+02 1.352E-01 1.352E-01 0.000E+00
6.310E+02 1.239E-01 1.239E-01 0.000E+00
7.943E+02 1.001E-01 1.001E-01 0.000E+00
1.000E+03 7.416E-02 7.416E-02 0.000E+00
1.259E+03 5.312E-02 5.312E-02 0.000E+00
1.585E+03 4.431E-02 4.431E-02 0.000E+00
1.995E+03 0.000E+00 7.482E-02 0.000E+00
2.512E+03 0.000E+00 2.422E-01 0.000E+00
3.162E+03 0.000E+00 7.971E-01 0.000E+00
3.981E+03 0.000E+00 2.237E+00 0.000E+00
5.012E+03 0.000E+00 5.400E+00 0.000E+00
6.310E+03 0.000E+00 1.148E+01 0.000E+00
7.943E+03 0.000E+00 2.148E+01 0.000E+00
1.000E+04 0.000E+00 3.486E+01 0.000E+00
1.259E+04 0.000E+00 4.965E+01 0.000E+00
1.585E+04 0.000E+00 6.535E+01 0.000E+00
1.995E+04 0.000E+00 8.557E+01 0.000E+00
2.512E+04 0.000E+00 1.147E+02 0.000E+00
3.162E+04 0.000E+00 1.501E+02 0.000E+00
3.981E+04 0.000E+00 1.800E+02 0.000E+00
5.012E+04 0.000E+00 1.919E+02 0.000E+00

PAH
6.310E-04= radius (micron)
T_rad    <Qem>/a   <Qabs>/a  <Qpr>/a (micron-1)
5.012E+00 1.151E-05 1.151E-05 0.000E+00
6.310E+00 1.813E-05 1.813E-05 0.000E+00
7.943E+00 2.852E-05 2.852E-05 0.000E+00
1.000E+01 4.479E-05 4.479E-05 0.000E+00
1.259E+01 7.014E-05 7.014E-05 0.000E+00
1.585E+01 1.095E-04 1.095E-04 0.000E+00
1.995E+01 1.703E-04 1.703E-04 0.000E+00
2.512E+01 2.650E-04 2.650E-04 0.000E+00
3.162E+01 4.152E-04 4.152E-04 0.000E+00
3.981E+01 6.633E-04 6.633E-04 0.000E+00
5.012E+01 1.101E-03 1.101E-03 0.000E+00
6.310E+01 1.921E-03 1.921E-03 0.000E+00
7.943E+01 3.414E-03 3.414E-03 0.000E+00
1.000E+02 5.809E-03 5.809E-03 0.000E+00
1.259E+02 9.440E-03 9.440E-03 0.000E+00
1.585E+02 1.621E-02 1.621E-02 0.000E+00
1.995E+02 3.116E-02 3.116E-02 0.000E+00
2.512E+02 5.878E-02 5.878E-02 0.000E+00
3.162E+02 9.447E-02 9.447E-02 0.000E+00
3.981E+02 1.236E-01 1.236E-01 0.000E+00
5.012E+02 1.333E-01 1.333E-01 0.000E+00
6.310E+02 1.222E-01 1.222E-01 0.000E+00
7.943E+02 9.888E-02 9.888E-02 0.000E+00
1.000E+03 7.333E-02 7.333E-02 0.000E+00
1.259E+03 5.274E-02 5.274E-02 0.000E+00
1.585E+03 4.516E-02 4.516E-02 0.000E+00
1.995E+03 0.000E+00 7.953E-02 0.000E+00
2.512E+03 0.000E+00 2.550E-01 0.000E+00
3.162E+03 0.000E+00 8.197E-01 0.000E+00
3.981E+03 0.000E+00 2.263E+00 0.000E+00
5.012E+03 0.000E+00 5.413E+00 0.000E+00
6.310E+03 0.000E+00 1.146E+01 0.000E+00
7.943E+03 0.000E+00 2.139E+01 0.000E+00
1.000E+04 0.000E+00 3.470E+01 0.000E+00
1.259E+04 0.000E+00 4.940E+01 0.000E+00
1.585E+04 0.000E+00 6.501E+01 0.000E+00
1.995E+04 0.000E+00 8.511E+01 0.000E+00
2.512E+04 0.000E+00 1.141E+02 0.000E+00
3.162E+04 0.000E+00 1.494E+02 0.000E+00
3.981E+04 0.000E+00 1.791E+02 0.000E+00
5.012E+04 0.000E+00 1.910E+02 0.000E+00

PAH
7.079E-04= radius (micron)
T_rad    <Qem>/a   <Qabs>/a  <Qpr>/a (micron-1)
5.012E+00 1.124E-05 1.124E-05 0.000E+00
6.310E+00 1.771E-05 1.771E-05 0.000E+00
7.943E+00 2.790E-05 2.790E-05 0.000E+00
1.000E+01 4.388E-05 4.388E-05 0.000E+00
1.259E+01 6.889E-05 6.889E-05 0.000E+00
1.585E+01 1.079E-04 1.079E-04 0.000E+00
1.995E+01 1.686E-04 1.686E-04 0.000E+00
2.512E+01 2.636E-04 2.636E-04 0.000E+00
3.162E+01 4.150E-04 4.150E-04 0.000E+00
3.981E+01 6.654E-04 6.654E-04 0.000E+00
5.012E+01 1.107E-03 1.107E-03 0.000E+00
6.310E+01 1.932E-03 1.932E-03 0.000E+00
7.943E+01 3.432E-03 3.432E-03 0.000E+00
1.000E+02 5.831E-03 5.831E-03 0.000E+00
1.259E+02 9.463E-03 9.463E-03 0.000E+00
1.585E+02 1.623E-02 1.623E-02 0.000E+00
1.995E+02 3.116E-02 3.116E-02 0.000E+00
2.512E+02 5.877E-02 5.877E-02 0.000E+00
3.162E+02 9.449E-02 9.449E-02 0.000E+00
3.981E+02 1.237E-01 1.237E-01 0.000E+00
5.012E+02 1.334E-01 1.334E-01 0.000E+00
6.310E+02 1.223E-01 1.223E-01 0.000E+00
7.943E+02 9.896E-02 9.896E-02 0.000E+00
1.000E+03 7.341E-02 7.341E-02 0.000E+00
1.259E+03 5.297E-02 5.297E-02 0.000E+00
1.585E+03 4.634E-02 4.634E-02 0.000E+00
1.995E+03 0.000E+00 8.402E-02 0.000E+00
2.512E+03 0.000E+00 2.666E-01 0.000E+00
3.162E+03 0.000E+00 8.412E-01 0.000E+00
3.981E+03 0.000E+00 2.294E+00 0.000E+00
5.012E+03 0.000E+00 5.453E+00 0.000E+00
6.310E+03 0.000E+00 1.151E+01 0.000E+00
7.943E+03 0.000E+00 2.146E+01 0.000E+00
1.000E+04 0.000E+00 3.478E+01 0.000E+00
1.259E+04 0.000E+00 4.950E+01 0.000E+00
1.585E+04 0.000E+00 6.514E+01 0.000E+00
1.995E+04 0.000E+00 8.527E+01 0.000E+00
2.512E+04 0.000E+00 1.143E+02 0.000E+00
3.162E+04 0.000E+00 1.496E+02 0.000E+00
3.981E+04 0.000E+00 1.794E+02 0.000E+00
5.012E+04 0.000E+00 1.913E+02 0.000E+00

PAH
7.943E-04= radius (micron)
T_rad    <Qem>/a   <Qabs>/a  <Qpr>/a (micron-1)
5.012E+00 1.100E-05 1.100E-05 0.000E+00
6.310E+00 1.733E-05 1.733E-05 0.000E+00
7.943E+00 2.732E-05 2.732E-05 0.000E+00
1.000E+01 4.303E-05 4.303E-05 0.000E+00
1.259E+01 6.769E-05 6.769E-05 0.000E+00
1.585E+01 1.063E-04 1.063E-04 0.000E+00
1.995E+01 1.668E-04 1.668E-04 0.000E+00
2.512E+01 2.619E-04 2.619E-04 0.000E+00
3.162E+01 4.142E-04 4.142E-04 0.000E+00
3.981E+01 6.667E-04 6.667E-04 0.000E+00
5.012E+01 1.111E-03 1.111E-03 0.000E+00
6.310E+01 1.941E-03 1.941E-03 0.000E+00
7.943E+01 3.445E-03 3.445E-03 0.000E+00
1.000E+02 5.847E-03 5.847E-03 0.000E+00
1.259E+02 9.476E-03 9.476E-03 0.000E+00
1.585E+02 1.623E-02 1.623E-02 0.000E+00
1.995E+02 3.114E-02 3.114E-02 0.000E+00
2.512E+02 5.874E-02 5.874E-02 0.000E+00
3.162E+02 9.444E-02 9.444E-02 0.000E+00
3.981E+02 1.236E-01 1.236E-01 0.000E+00
5.012E+02 1.334E-01 1.334E-01 0.000E+00
6.310E+02 1.223E-01 1.223E-01 0.000E+00
7.943E+02 9.896E-02 9.896E-02 0.000E+00
1.000E+03 7.342E-02 7.342E-02 0.000E+00
1.259E+03 5.314E-02 5.314E-02 0.000E+00
1.585E+03 4.734E-02 4.734E-02 0.000E+00
1.995E+03 0.000E+00 8.760E-02 0.000E+00
2.512E+03 0.000E+00 2.751E-01 0.000E+00
3.162E+03 0.000E+00 8.561E-01 0.000E+00
3.981E+03 0.000E+00 2.314E+00 0.000E+00
5.012E+03 0.000E+00 5.475E+00 0.000E+00
6.310E+03 0.000E+00 1.153E+01 0.000E+00
7.943E+03 0.000E+00 2.148E+01 0.000E+00
1.000E+04 0.000E+00 3.480E+01 0.000E+00
1.259E+04 0.000E+00 4.953E+01 0.000E+00
1.585E+04 0.000E+00 6.517E+01 0.000E+00
1.995E+04 0.000E+00 8.531E+01 0.000E+00
2.512E+04 0.000E+00 1.144E+02 0.000E+00
3.162E+04 0.000E+00 1.497E+02 0.000E+00
3.981E+04 0.000E+00 1.794E+02 0.000E+00
5.012E+04 0.000E+00 1.913E+02 0.000E+00

PAH
8.913E-04= radius (micron)
T_rad    <Qem>/a   <Qabs>/a  <Qpr>/a (micron-1)
5.012E+00 1.077E-05 1.077E-05 0.000E+00
6.310E+00 1.698E-05 1.698E-05 0.000E+00
7.943E+00 2.678E-05 2.678E-05 0.000E+00
1.000E+01 4.223E-05 4.223E-05 0.000E+00
1.259E+01 6.654E-05 6.654E-05 0.000E+00
1.585E+01 1.048E-04 1.048E-04 0.000E+00
1.995E+01 1.649E-04 1.649E-04 0.000E+00
2.512E+01 2.600E-04 2.600E-04 0.000E+00
3.162E+01 4.129E-04 4.129E-04 0.000E+00
3.981E+01 6.670E-04 6.670E-04 0.000E+00
5.012E+01 1.114E-03 1.114E-03 0.000E+00
6.310E+01 1.947E-03 1.947E-03 0.000E+00
7.943E+01 3.453E-03 3.453E-03 0.000E+00
1.000E+02 5.854E-03 5.854E-03 0.000E+00
1.259E+02 9.478E-03 9.478E-03 0.000E+00
1.585E+02 1.622E-02 1.622E-02 0.000E+00
1.995E+02 3.110E-02 3.110E-02 0.000E+00
2.512E+02 5.864E-02 5.864E-02 0.000E+00
3.162E+02 9.430E-02 9.430E-02 0.000E+00
3.981E+02 1.234E-01 1.234E-01 0.000E+00
5.012E+02 1.332E-01 1.332E-01 0.000E+00
6.310E+02 1.222E-01 1.222E-01 0.000E+00
7.943E+02 9.883E-02 9.883E-02 0.000E+00
1.000E+03 7.335E-02 7.335E-02 0.000E+00
1.259E+03 5.324E-02 5.324E-02 0.000E+00
1.585E+03 4.813E-02 4.813E-02 0.000E+00
1.995E+03 0.000E+00 9.035E-02 0.000E+00
2.512E+03 0.000E+00 2.813E-01 0.000E+00
3.162E+03 0.000E+00 8.657E-01 0.000E+00
3.981E+03 0.000E+00 2.325E+00 0.000E+00
5.012E+03 0.000E+00 5.483E+00 0.000E+00
6.310E+03 0.000E+00 1.153E+01 0.000E+00
7.943E+03 0.000E+00 2.147E+01 0.000E+00
1.000E+04 0.000E+00 3.477E+01 0.000E+00
1.259E+04 0.000E+00 4.948E+01 0.000E+00
1.585E+04 0.000E+00 6.510E+01 0.000E+00
1.995E+04 0.000E+00 8.522E+01 0.000E+00
2.512E+04 0.000E+00 1.143E+02 0.000E+00
3.162E+04 0.000E+00 1.495E+02 0.000E+00
3.981E+04 0.000E+00 1.792E+02 0.000E+00
5.012E+04 0.000E+00 1.911E+02 0.000E+00

PAH
1.000E-03= radius (micron)
T_rad    <Qem>/a   <Qabs>/a  <Qpr>/a (micron-1)
5.012E+00 1.058E-05 1.058E-05 0.000E+00
6.310E+00 1.668E-05 1.668E-05 0.000E+00
7.943E+00 2.630E-05 2.630E-05 0.000E+00
1.000E+01 4.151E-05 4.151E-05 0.000E+00
1.259E+01 6.551E-05 6.551E-05 0.000E+00
1.585E+01 1.034E-04 1.034E-04 0.000E+00
1.995E+01 1.632E-04 1.632E-04 0.000E+00
2.512E+01 2.583E-04 2.583E-04 0.000E+00
3.162E+01 4.117E-04 4.117E-04 0.000E+00
3.981E+01 6.672E-04 6.672E-04 0.000E+00
5.012E+01 1.117E-03 1.117E-03 0.000E+00
6.310E+01 1.953E-03 1.953E-03 0.000E+00
7.943E+01 3.462E-03 3.462E-03 0.000E+00
1.000E+02 5.865E-03 5.865E-03 0.000E+00
1.259E+02 9.492E-03 9.492E-03 0.000E+00
1.585E+02 1.624E-02 1.624E-02 0.000E+00
1.995E+02 3.113E-02 3.113E-02 0.000E+00
2.512E+02 5.869E-02 5.869E-02 0.000E+00
3.162E+02 9.434E-02 9.434E-02 0.000E+00
3.981E+02 1.235E-01 1.235E-01 0.000E+00
5.012E+02 1.332E-01 1.332E-01 0.000E+00
6.310E+02 1.221E-01 1.221E-01 0.000E+00
7.943E+02 9.882E-02 9.882E-02 0.000E+00
1.000E+03 7.335E-02 7.335E-02 0.000E+00
1.259E+03 5.337E-02 5.337E-02 0.000E+00
1.585E+03 4.882E-02 4.882E-02 0.000E+00
1.995E+03 0.000E+00 9.255E-02 0.000E+00
2.512E+03 0.000E+00 2.860E-01 0.000E+00
3.162E+03 0.000E+00 8.728E-01 0.000E+00
3.981E+03 0.000E+00 2.332E+00 0.000E+00
5.012E+03 0.000E+00 5.488E+00 0.000E+00
6.310E+03 0.000E+00 1.153E+01 0.000E+00
7.943E+03 0.000E+00 2.146E+01 0.000E+00
1.000E+04 0.000E+00 3.475E+01 0.000E+00
1.259E+04 0.000E+00 4.944E+01 0.000E+00
1.585E+04 0.000E+00 6.505E+01 0.000E+00
1.995E+04 0.000E+00 8.516E+01 0.000E+00
2.512E+04 0.000E+00 1.142E+02 0.000E+00
3.162E+04 0.000E+00 1.494E+02 0.000E+00
3.981E+04 0.000E+00 1.791E+02 0.000E+00
5.012E+04 0.000E+00 1.909E+02 0.000E+00

PAH
1.122E-03= radius (micron)
T_rad    <Qem>/a   <Qabs>/a  <Qpr>/a (micron-1)
5.012E+00 1.041E-05 1.041E-05 0.000E+00
6.310E+00 1.641E-05 1.641E-05 0.000E+00
7.943E+00 2.589E-05 2.589E-05 0.000E+00
1.000E+01 4.088E-05 4.088E-05 0.000E+00
1.259E+01 6.460E-05 6.460E-05 0.000E+00
1.585E+01 1.021E-04 1.021E-04 0.000E+00
1.995E+01 1.617E-04 1.617E-04 0.000E+00
2.512E+01 2.567E-04 2.567E-04 0.000E+00
3.162E+01 4.106E-04 4.106E-04 0.000E+00
3.981E+01 6.676E-04 6.676E-04 0.000E+00
5.012E+01 1.120E-03 1.120E-03 0.000E+00
6.310E+01 1.959E-03 1.959E-03 0.000E+00
7.943E+01 3.472E-03 3.472E-03 0.000E+00
1.000E+02 5.877E-03 5.877E-03 0.000E+00
1.259E+02 9.502E-03 9.502E-03 0.000E+00
1.585E+02 1.624E-02 1.624E-02 0.000E+00
1.995E+02 3.112E-02 3.112E-02 0.000E+00
2.512E+02 5.866E-02 5.866E-02 0.000E+00
3.162E+02 9.429E-02 9.429E-02 0.000E+00
3.981E+02 1.234E-01 1.234E-01 0.000E+00
5.012E+02 1.331E-01 1.331E-01 0.000E+00
6.310E+02 1.221E-01 1.221E-01 0.000E+00
7.943E+02 9.880E-02 9.880E-02 0.000E+00
1.000E+03 7.336E-02 7.336E-02 0.000E+00
1.259E+03 5.349E-02 5.349E-02 0.000E+00
1.585E+03 4.941E-02 4.941E-02 0.000E+00
1.995E+03 0.000E+00 9.436E-02 0.000E+00
2.512E+03 0.000E+00 2.898E-01 0.000E+00
3.162E+03 0.000E+00 8.787E-01 0.000E+00
3.981E+03 0.000E+00 2.340E+00 0.000E+00
5.012E+03 0.000E+00 5.496E+00 0.000E+00
6.310E+03 0.000E+00 1.154E+01 0.000E+00
7.943E+03 0.000E+00 2.146E+01 0.000E+00
1.000E+04 0.000E+00 3.476E+01 0.000E+00
1.259E+04 0.000E+00 4.945E+01 0.000E+00
1.585E+04 0.000E+00 6.506E+01 0.000E+00
1.995E+04 0.000E+00 8.517E+01 0.000E+00
2.512E+04 0.000E+00 1.142E+02 0.000E+00
3.162E+04 0.000E+00 1.494E+02 0.000E+00
3.981E+04 0.000E+00 1.791E+02 0.000E+00
5.012E+04 0.000E+00 1.909E+02 0.000E+00

PAH
1.259E-03= radius (micron)
T_rad    <Qem>/a   <Qabs>/a  <Qpr>/a (micron-1)
5.012E+00 1.026E-05 1.026E-05 0.000E+00
6.310E+00 1.617E-05 1.617E-05 0.000E+00
7.943E+00 2.552E-05 2.552E-05 0.000E+00
1.000E+01 4.031E-05 4.031E-05 0.000E+00
1.259E+01 6.377E-05 6.377E-05 0.000E+00
1.585E+01 1.010E-04 1.010E-04 0.000E+00
1.995E+01 1.602E-04 1.602E-04 0.000E+00
2.512E+01 2.551E-04 2.551E-04 0.000E+00
3.162E+01 4.095E-04 4.095E-04 0.000E+00
3.981E+01 6.679E-04 6.679E-04 0.000E+00
5.012E+01 1.122E-03 1.122E-03 0.000E+00
6.310E+01 1.965E-03 1.965E-03 0.000E+00
7.943E+01 3.481E-03 3.481E-03 0.000E+00
1.000E+02 5.890E-03 5.890E-03 0.000E+00
1.259E+02 9.517E-03 9.517E-03 0.000E+00
1.585E+02 1.626E-02 1.626E-02 0.000E+00
1.995E+02 3.114E-02 3.114E-02 0.000E+00
2.512E+02 5.869E-02 5.869E-02 0.000E+00
3.162E+02 9.434E-02 9.434E-02 0.000E+00
3.981E+02 1.235E-01 1.235E-01 0.000E+00
5.012E+02 1.332E-01 1.332E-01 0.000E+00
6.310E+02 1.222E-01 1.222E-01 0.000E+00
7.943E+02 9.883E-02 9.883E-02 0.000E+00
1.000E+03 7.339E-02 7.339E-02 0.000E+00
1.259E+03 5.361E-02 5.361E-02 0.000E+00
1.585E+03 4.991E-02 4.991E-02 0.000E+00
1.995E+03 0.000E+00 9.581E-02 0.000E+00
2.512E+03 0.000E+00 2.927E-01 0.000E+00
3.162E+03 0.000E+00 8.831E-01 0.000E+00
3.981E+03 0.000E+00 2.345E+00 0.000E+00
5.012E+03 0.000E+00 5.501E+00 0.000E+00
6.310E+03 0.000E+00 1.155E+01 0.000E+00
7.943E+03 0.000E+00 2.147E+01 0.000E+00
1.000E+04 0.000E+00 3.476E+01 0.000E+00
1.259E+04 0.000E+00 4.946E+01 0.000E+00
1.585E+04 0.000E+00 6.507E+01 0.000E+00
1.995E+04 0.000E+00 8.518E+01 0.000E+00
2.512E+04 0.000E+00 1.142E+02 0.000E+00
3.162E+04 0.000E+00 1.494E+02 0.000E+00
3.981E+04 0.000E+00 1.790E+02 0.000E+00
5.012E+04 0.000E+00 1.908E+02 0.000E+00

PAH
1.413E-03= radius (micron)
T_rad    <Qem>/a   <Qabs>/a  <Qpr>/a (micron-1)
5.012E+00 1.014E-05 1.014E-05 0.000E+00
6.310E+00 1.596E-05 1.596E-05 0.000E+00
7.943E+00 2.519E-05 2.519E-05 0.000E+00
1.000E+01 3.980E-05 3.980E-05 0.000E+00
1.259E+01 6.301E-05 6.301E-05 0.000E+00
1.585E+01 9.993E-05 9.993E-05 0.000E+00
1.995E+01 1.589E-04 1.589E-04 0.000E+00
2.512E+01 2.536E-04 2.536E-04 0.000E+00
3.162E+01 4.083E-04 4.083E-04 0.000E+00
3.981E+01 6.679E-04 6.679E-04 0.000E+00
5.012E+01 1.125E-03 1.125E-03 0.000E+00
6.310E+01 1.970E-03 1.970E-03 0.000E+00
7.943E+01 3.490E-03 3.490E-03 0.000E+00
1.000E+02 5.900E-03 5.900E-03 0.000E+00
1.259E+02 9.526E-03 9.526E-03 0.000E+00
1.585E+02 1.626E-02 1.626E-02 0.000E+00
1.995E+02 3.113E-02 3.113E-02 0.000E+00
2.512E+02 5.866E-02 5.866E-02 0.000E+00
3.162E+02 9.430E-02 9.430E-02 0.000E+00
3.981E+02 1.234E-01 1.234E-01 0.000E+00
5.012E+02 1.331E-01 1.331E-01 0.000E+00
6.310E+02 1.221E-01 1.221E-01 0.000E+00
7.943E+02 9.880E-02 9.880E-02 0.000E+00
1.000E+03 7.339E-02 7.339E-02 0.000E+00
1.259E+03 5.369E-02 5.369E-02 0.000E+00
1.585E+03 5.030E-02 5.030E-02 0.000E+00
1.995E+03 0.000E+00 9.695E-02 0.000E+00
2.512E+03 0.000E+00 2.950E-01 0.000E+00
3.162E+03 0.000E+00 8.865E-01 0.000E+00
3.981E+03 0.000E+00 2.349E+00 0.000E+00
5.012E+03 0.000E+00 5.505E+00 0.000E+00
6.310E+03 0.000E+00 1.155E+01 0.000E+00
7.943E+03 0.000E+00 2.147E+01 0.000E+00
1.000E+04 0.000E+00 3.477E+01 0.000E+00
1.259E+04 0.000E+00 4.946E+01 0.000E+00
1.585E+04 0.000E+00 6.507E+01 0.000E+00
1.995E+04 0.000E+00 8.518E+01 0.000E+00
2.512E+04 0.000E+00 1.142E+02 0.000E+00
3.162E+04 0.000E+00 1.494E+02 0.000E+00
3.981E+04 0.000E+00 1.790E+02 0.000E+00
5.012E+04 0.000E+00 1.907E+02 0.000E+00

PAH
1.585E-03= radius (micron)
T_rad    <Qem>/a   <Qabs>/a  <Qpr>/a (micron-1)
5.012E+00 1.002E-05 1.002E-05 0.000E+00
6.310E+00 1.578E-05 1.578E-05 0.000E+00
7.943E+00 2.489E-05 2.489E-05 0.000E+00
1.000E+01 3.935E-05 3.935E-05 0.000E+00
1.259E+01 6.233E-05 6.233E-05 0.000E+00
1.585E+01 9.896E-05 9.896E-05 0.000E+00
1.995E+01 1.576E-04 1.576E-04 0.000E+00
2.512E+01 2.522E-04 2.522E-04 0.000E+00
3.162E+01 4.072E-04 4.072E-04 0.000E+00
3.981E+01 6.677E-04 6.677E-04 0.000E+00
5.012E+01 1.126E-03 1.126E-03 0.000E+00
6.310E+01 1.975E-03 1.975E-03 0.000E+00
7.943E+01 3.497E-03 3.497E-03 0.000E+00
1.000E+02 5.908E-03 5.908E-03 0.000E+00
1.259E+02 9.535E-03 9.535E-03 0.000E+00
1.585E+02 1.627E-02 1.627E-02 0.000E+00
1.995E+02 3.114E-02 3.114E-02 0.000E+00
2.512E+02 5.867E-02 5.867E-02 0.000E+00
3.162E+02 9.429E-02 9.429E-02 0.000E+00
3.981E+02 1.234E-01 1.234E-01 0.000E+00
5.012E+02 1.331E-01 1.331E-01 0.000E+00
6.310E+02 1.221E-01 1.221E-01 0.000E+00
7.943E+02 9.879E-02 9.879E-02 0.000E+00
1.000E+03 7.339E-02 7.339E-02 0.000E+00
1.259E+03 5.376E-02 5.376E-02 0.000E+00
1.585E+03 5.063E-02 5.063E-02 0.000E+00
1.995E+03 0.000E+00 9.783E-02 0.000E+00
2.512E+03 0.000E+00 2.967E-01 0.000E+00
3.162E+03 0.000E+00 8.887E-01 0.000E+00
3.981E+03 0.000E+00 2.351E+00 0.000E+00
5.012E+03 0.000E+00 5.506E+00 0.000E+00
6.310E+03 0.000E+00 1.155E+01 0.000E+00
7.943E+03 0.000E+00 2.147E+01 0.000E+00
1.000E+04 0.000E+00 3.476E+01 0.000E+00
1.259E+04 0.000E+00 4.945E+01 0.000E+00
1.585E+04 0.000E+00 6.505E+01 0.000E+00
1.995E+04 0.000E+00 8.515E+01 0.000E+00
2.512E+04 0.000E+00 1.141E+02 0.000E+00
3.162E+04 0.000E+00 1.493E+02 0.000E+00
3.981E+04 0.000E+00 1.789E+02 0.000E+00
5.012E+04 0.000E+00 1.906E+02 0.000E+00

PAH
1.778E-03= radius (micron)
T_rad    <Qem>/a   <Qabs>/a  <Qpr>/a (micron-1)
5.012E+00 9.927E-06 9.927E-06 0.000E+00
6.310E+00 1.562E-05 1.562E-05 0.000E+00
7.943E+00 2.463E-05 2.463E-05 0.000E+00
1.000E+01 3.894E-05 3.894E-05 0.000E+00
1.259E+01 6.172E-05 6.172E-05 0.000E+00
1.585E+01 9.810E-05 9.810E-05 0.000E+00
1.995E+01 1.565E-04 1.565E-04 0.000E+00
2.512E+01 2.509E-04 2.509E-04 0.000E+00
3.162E+01 4.061E-04 4.061E-04 0.000E+00
3.981E+01 6.676E-04 6.676E-04 0.000E+00
5.012E+01 1.128E-03 1.128E-03 0.000E+00
6.310E+01 1.979E-03 1.979E-03 0.000E+00
7.943E+01 3.504E-03 3.504E-03 0.000E+00
1.000E+02 5.918E-03 5.918E-03 0.000E+00
1.259E+02 9.545E-03 9.545E-03 0.000E+00
1.585E+02 1.628E-02 1.628E-02 0.000E+00
1.995E+02 3.115E-02 3.115E-02 0.000E+00
2.512E+02 5.867E-02 5.867E-02 0.000E+00
3.162E+02 9.429E-02 9.429E-02 0.000E+00
3.981E+02 1.234E-01 1.234E-01 0.000E+00
5.012E+02 1.331E-01 1.331E-01 0.000E+00
6.310E+02 1.221E-01 1.221E-01 0.000E+00
7.943E+02 9.879E-02 9.879E-02 0.000E+00
1.000E+03 7.340E-02 7.340E-02 0.000E+00
1.259E+03 5.382E-02 5.382E-02 0.000E+00
1.585E+03 5.090E-02 5.090E-02 0.000E+00
1.995E+03 0.000E+00 9.858E-02 0.000E+00
2.512E+03 0.000E+00 2.981E-01 0.000E+00
3.162E+03 0.000E+00 8.907E-01 0.000E+00
3.981E+03 0.000E+00 2.353E+00 0.000E+00
5.012E+03 0.000E+00 5.508E+00 0.000E+00
6.310E+03 0.000E+00 1.155E+01 0.000E+00
7.943E+03 0.000E+00 2.147E+01 0.000E+00
1.000E+04 0.000E+00 3.476E+01 0.000E+00
1.259E+04 0.000E+00 4.945E+01 0.000E+00
1.585E+04 0.000E+00 6.506E+01 0.000E+00
1.995E+04 0.000E+00 8.516E+01 0.000E+00
2.512E+04 0.000E+00 1.141E+02 0.000E+00
3.162E+04 0.000E+00 1.493E+02 0.000E+00
3.981E+04 0.000E+00 1.788E+02 0.000E+00
5.012E+04 0.000E+00 1.904E+02 0.000E+00

PAH
1.995E-03= radius (micron)
T_rad    <Qem>/a   <Qabs>/a  <Qpr>/a (micron-1)
5.012E+00 9.844E-06 9.844E-06 0.000E+00
6.310E+00 1.548E-05 1.548E-05 0.000E+00
7.943E+00 2.441E-05 2.441E-05 0.000E+00
1.000E+01 3.859E-05 3.859E-05 0.000E+00
1.259E+01 6.118E-05 6.118E-05 0.000E+00
1.585E+01 9.731E-05 9.731E-05 0.000E+00
1.995E+01 1.554E-04 1.554E-04 0.000E+00
2.512E+01 2.497E-04 2.497E-04 0.000E+00
3.162E+01 4.051E-04 4.051E-04 0.000E+00
3.981E+01 6.673E-04 6.673E-04 0.000E+00
5.012E+01 1.130E-03 1.130E-03 0.000E+00
6.310E+01 1.983E-03 1.983E-03 0.000E+00
7.943E+01 3.510E-03 3.510E-03 0.000E+00
1.000E+02 5.925E-03 5.925E-03 0.000E+00
1.259E+02 9.551E-03 9.551E-03 0.000E+00
1.585E+02 1.628E-02 1.628E-02 0.000E+00
1.995E+02 3.114E-02 3.114E-02 0.000E+00
2.512E+02 5.866E-02 5.866E-02 0.000E+00
3.162E+02 9.428E-02 9.428E-02 0.000E+00
3.981E+02 1.234E-01 1.234E-01 0.000E+00
5.012E+02 1.331E-01 1.331E-01 0.000E+00
6.310E+02 1.221E-01 1.221E-01 0.000E+00
7.943E+02 9.878E-02 9.878E-02 0.000E+00
1.000E+03 7.340E-02 7.340E-02 0.000E+00
1.259E+03 5.388E-02 5.388E-02 0.000E+00
1.585E+03 5.112E-02 5.112E-02 0.000E+00
1.995E+03 0.000E+00 9.916E-02 0.000E+00
2.512E+03 0.000E+00 2.992E-01 0.000E+00
3.162E+03 0.000E+00 8.922E-01 0.000E+00
3.981E+03 0.000E+00 2.355E+00 0.000E+00
5.012E+03 0.000E+00 5.510E+00 0.000E+00
6.310E+03 0.000E+00 1.155E+01 0.000E+00
7.943E+03 0.000E+00 2.147E+01 0.000E+00
1.000E+04 0.000E+00 3.476E+01 0.000E+00
1.259E+04 0.000E+00 4.945E+01 0.000E+00
1.585E+04 0.000E+00 6.505E+01 0.000E+00
1.995E+04 0.000E+00 8.515E+01 0.000E+00
2.512E+04 0.000E+00 1.141E+02 0.000E+00
3.162E+04 0.000E+00 1.492E+02 0.000E+00
3.981E+04 0.000E+00 1.787E+02 0.000E+00
5.012E+04 0.000E+00 1.902E+02 0.000E+00

PAH
2.239E-03= radius (micron)
T_rad    <Qem>/a   <Qabs>/a  <Qpr>/a (micron-1)
5.012E+00 9.773E-06 9.773E-06 0.000E+00
6.310E+00 1.536E-05 1.536E-05 0.000E+00
7.943E+00 2.421E-05 2.421E-05 0.000E+00
1.000E+01 3.828E-05 3.828E-05 0.000E+00
1.259E+01 6.070E-05 6.070E-05 0.000E+00
1.585E+01 9.661E-05 9.661E-05 0.000E+00
1.995E+01 1.545E-04 1.545E-04 0.000E+00
2.512E+01 2.486E-04 2.486E-04 0.000E+00
3.162E+01 4.041E-04 4.041E-04 0.000E+00
3.981E+01 6.671E-04 6.671E-04 0.000E+00
5.012E+01 1.131E-03 1.131E-03 0.000E+00
6.310E+01 1.987E-03 1.987E-03 0.000E+00
7.943E+01 3.516E-03 3.516E-03 0.000E+00
1.000E+02 5.933E-03 5.933E-03 0.000E+00
1.259E+02 9.560E-03 9.560E-03 0.000E+00
1.585E+02 1.629E-02 1.629E-02 0.000E+00
1.995E+02 3.115E-02 3.115E-02 0.000E+00
2.512E+02 5.867E-02 5.867E-02 0.000E+00
3.162E+02 9.428E-02 9.428E-02 0.000E+00
3.981E+02 1.234E-01 1.234E-01 0.000E+00
5.012E+02 1.331E-01 1.331E-01 0.000E+00
6.310E+02 1.221E-01 1.221E-01 0.000E+00
7.943E+02 9.879E-02 9.879E-02 0.000E+00
1.000E+03 7.341E-02 7.341E-02 0.000E+00
1.259E+03 5.392E-02 5.392E-02 0.000E+00
1.585E+03 5.130E-02 5.130E-02 0.000E+00
1.995E+03 0.000E+00 9.964E-02 0.000E+00
2.512E+03 0.000E+00 3.000E-01 0.000E+00
3.162E+03 0.000E+00 8.934E-01 0.000E+00
3.981E+03 0.000E+00 2.356E+00 0.000E+00
5.012E+03 0.000E+00 5.511E+00 0.000E+00
6.310E+03 0.000E+00 1.155E+01 0.000E+00
7.943E+03 0.000E+00 2.147E+01 0.000E+00
1.000E+04 0.000E+00 3.476E+01 0.000E+00
1.259E+04 0.000E+00 4.945E+01 0.000E+00
1.585E+04 0.000E+00 6.505E+01 0.000E+00
1.995E+04 0.000E+00 8.515E+01 0.000E+00
2.512E+04 0.000E+00 1.141E+02 0.000E+00
3.162E+04 0.000E+00 1.492E+02 0.000E+00
3.981E+04 0.000E+00 1.785E+02 0.000E+00
5.012E+04 0.000E+00 1.900E+02 0.000E+00

PAH
2.512E-03= radius (micron)
T_rad    <Qem>/a   <Qabs>/a  <Qpr>/a (micron-1)
5.012E+00 9.713E-06 9.713E-06 0.000E+00
6.310E+00 1.526E-05 1.526E-05 0.000E+00
7.943E+00 2.404E-05 2.404E-05 0.000E+00
1.000E+01 3.800E-05 3.800E-05 0.000E+00
1.259E+01 6.028E-05 6.028E-05 0.000E+00
1.585E+01 9.599E-05 9.599E-05 0.000E+00
1.995E+01 1.536E-04 1.536E-04 0.000E+00
2.512E+01 2.476E-04 2.476E-04 0.000E+00
3.162E+01 4.032E-04 4.032E-04 0.000E+00
3.981E+01 6.669E-04 6.669E-04 0.000E+00
5.012E+01 1.132E-03 1.132E-03 0.000E+00
6.310E+01 1.990E-03 1.990E-03 0.000E+00
7.943E+01 3.522E-03 3.522E-03 0.000E+00
1.000E+02 5.940E-03 5.940E-03 0.000E+00
1.259E+02 9.568E-03 9.568E-03 0.000E+00
1.585E+02 1.630E-02 1.630E-02 0.000E+00
1.995E+02 3.116E-02 3.116E-02 0.000E+00
2.512E+02 5.867E-02 5.867E-02 0.000E+00
3.162E+02 9.429E-02 9.429E-02 0.000E+00
3.981E+02 1.234E-01 1.234E-01 0.000E+00
5.012E+02 1.331E-01 1.331E-01 0.000E+00
6.310E+02 1.221E-01 1.221E-01 0.000E+00
7.943E+02 9.879E-02 9.879E-02 0.000E+00
1.000E+03 7.342E-02 7.342E-02 0.000E+00
1.259E+03 5.397E-02 5.397E-02 0.000E+00
1.585E+03 5.146E-02 5.146E-02 0.000E+00
1.995E+03 0.000E+00 1.000E-01 0.000E+00
2.512E+03 0.000E+00 3.008E-01 0.000E+00
3.162E+03 0.000E+00 8.945E-01 0.000E+00
3.981E+03 0.000E+00 2.358E+00 0.000E+00
5.012E+03 0.000E+00 5.512E+00 0.000E+00
6.310E+03 0.000E+00 1.155E+01 0.000E+00
7.943E+03 0.000E+00 2.147E+01 0.000E+00
1.000E+04 0.000E+00 3.476E+01 0.000E+00
1.259E+04 0.000E+00 4.945E+01 0.000E+00
1.585E+04 0.000E+00 6.506E+01 0.000E+00
1.995E+04 0.000E+00 8.515E+01 0.000E+00
2.512E+04 0.000E+00 1.141E+02 0.000E+00
3.162E+04 0.000E+00 1.491E+02 0.000E+00
3.981E+04 0.000E+00 1.784E+02 0.000E+00
5.012E+04 0.000E+00 1.897E+02 0.000E+00

PAH
2.818E-03= radius (micron)
T_rad    <Qem>/a   <Qabs>/a  <Qpr>/a (micron-1)
5.012E+00 9.662E-06 9.662E-06 0.000E+00
6.310E+00 1.517E-05 1.517E-05 0.000E+00
7.943E+00 2.390E-05 2.390E-05 0.000E+00
1.000E+01 3.777E-05 3.777E-05 0.000E+00
1.259E+01 5.990E-05 5.990E-05 0.000E+00
1.585E+01 9.543E-05 9.543E-05 0.000E+00
1.995E+01 1.529E-04 1.529E-04 0.000E+00
2.512E+01 2.467E-04 2.467E-04 0.000E+00
3.162E+01 4.024E-04 4.024E-04 0.000E+00
3.981E+01 6.666E-04 6.666E-04 0.000E+00
5.012E+01 1.133E-03 1.133E-03 0.000E+00
6.310E+01 1.993E-03 1.993E-03 0.000E+00
7.943E+01 3.527E-03 3.527E-03 0.000E+00
1.000E+02 5.948E-03 5.948E-03 0.000E+00
1.259E+02 9.577E-03 9.577E-03 0.000E+00
1.585E+02 1.631E-02 1.631E-02 0.000E+00
1.995E+02 3.117E-02 3.117E-02 0.000E+00
2.512E+02 5.868E-02 5.868E-02 0.000E+00
3.162E+02 9.430E-02 9.430E-02 0.000E+00
3.981E+02 1.234E-01 1.234E-01 0.000E+00
5.012E+02 1.331E-01 1.331E-01 0.000E+00
6.310E+02 1.221E-01 1.221E-01 0.000E+00
7.943E+02 9.880E-02 9.880E-02 0.000E+00
1.000E+03 7.343E-02 7.343E-02 0.000E+00
1.259E+03 5.400E-02 5.400E-02 0.000E+00
1.585E+03 5.159E-02 5.159E-02 0.000E+00
1.995E+03 0.000E+00 1.004E-01 0.000E+00
2.512E+03 0.000E+00 3.014E-01 0.000E+00
3.162E+03 0.000E+00 8.953E-01 0.000E+00
3.981E+03 0.000E+00 2.358E+00 0.000E+00
5.012E+03 0.000E+00 5.513E+00 0.000E+00
6.310E+03 0.000E+00 1.155E+01 0.000E+00
7.943E+03 0.000E+00 2.147E+01 0.000E+00
1.000E+04 0.000E+00 3.476E+01 0.000E+00
1.259E+04 0.000E+00 4.945E+01 0.000E+00
1.585E+04 0.000E+00 6.506E+01 0.000E+00
1.995E+04 0.000E+00 8.515E+01 0.000E+00
2.512E+04 0.000E+00 1.141E+02 0.000E+00
3.162E+04 0.000E+00 1.490E+02 0.000E+00
3.981E+04 0.000E+00 1.782E+02 0.000E+00
5.012E+04 0.000E+00 1.893E+02 0.000E+00

PAH
3.162E-03= radius (micron)
T_rad    <Qem>/a   <Qabs>/a  <Qpr>/a (micron-1)
5.012E+00 9.617E-06 9.617E-06 0.000E+00
6.310E+00 1.510E-05 1.510E-05 0.000E+00
7.943E+00 2.377E-05 2.377E-05 0.000E+00
1.000E+01 3.756E-05 3.756E-05 0.000E+00
1.259E+01 5.957E-05 5.957E-05 0.000E+00
1.585E+01 9.494E-05 9.494E-05 0.000E+00
1.995E+01 1.522E-04 1.522E-04 0.000E+00
2.512E+01 2.459E-04 2.459E-04 0.000E+00
3.162E+01 4.016E-04 4.016E-04 0.000E+00
3.981E+01 6.663E-04 6.663E-04 0.000E+00
5.012E+01 1.134E-03 1.134E-03 0.000E+00
6.310E+01 1.993E-03 1.993E-03 0.000E+00
7.943E+01 3.519E-03 3.519E-03 0.000E+00
1.000E+02 5.913E-03 5.913E-03 0.000E+00
1.259E+02 9.500E-03 9.500E-03 0.000E+00
1.585E+02 1.619E-02 1.619E-02 0.000E+00
1.995E+02 3.103E-02 3.103E-02 0.000E+00
2.512E+02 5.856E-02 5.856E-02 0.000E+00
3.162E+02 9.420E-02 9.420E-02 0.000E+00
3.981E+02 1.233E-01 1.233E-01 0.000E+00
5.012E+02 1.331E-01 1.331E-01 0.000E+00
6.310E+02 1.221E-01 1.221E-01 0.000E+00
7.943E+02 9.878E-02 9.878E-02 0.000E+00
1.000E+03 7.343E-02 7.343E-02 0.000E+00
1.259E+03 5.403E-02 5.403E-02 0.000E+00
1.585E+03 5.169E-02 5.169E-02 0.000E+00
1.995E+03 0.000E+00 1.006E-01 0.000E+00
2.512E+03 0.000E+00 3.018E-01 0.000E+00
3.162E+03 0.000E+00 8.959E-01 0.000E+00
3.981E+03 0.000E+00 2.359E+00 0.000E+00
5.012E+03 0.000E+00 5.514E+00 0.000E+00
6.310E+03 0.000E+00 1.155E+01 0.000E+00
7.943E+03 0.000E+00 2.147E+01 0.000E+00
1.000E+04 0.000E+00 3.476E+01 0.000E+00
1.259E+04 0.000E+00 4.945E+01 0.000E+00
1.585E+04 0.000E+00 6.506E+01 0.000E+00
1.995E+04 0.000E+00 8.515E+01 0.000E+00
2.512E+04 0.000E+00 1.140E+02 0.000E+00
3.162E+04 0.000E+00 1.490E+02 0.000E+00
3.981E+04 0.000E+00 1.779E+02 0.000E+00
5.012E+04 0.000E+00 1.888E+02 0.000E+00

PAH
3.548E-03= radius (micron)
T_rad    <Qem>/a   <Qabs>/a  <Qpr>/a (micron-1)
5.012E+00 9.578E-06 9.578E-06 0.000E+00
6.310E+00 1.503E-05 1.503E-05 0.000E+00
7.943E+00 2.366E-05 2.366E-05 0.000E+00
1.000E+01 3.738E-05 3.738E-05 0.000E+00
1.259E+01 5.928E-05 5.928E-05 0.000E+00
1.585E+01 9.450E-05 9.450E-05 0.000E+00
1.995E+01 1.516E-04 1.516E-04 0.000E+00
2.512E+01 2.451E-04 2.451E-04 0.000E+00
3.162E+01 4.009E-04 4.009E-04 0.000E+00
3.981E+01 6.661E-04 6.661E-04 0.000E+00
5.012E+01 1.135E-03 1.135E-03 0.000E+00
6.310E+01 1.996E-03 1.996E-03 0.000E+00
7.943E+01 3.525E-03 3.525E-03 0.000E+00
1.000E+02 5.924E-03 5.924E-03 0.000E+00
1.259E+02 9.515E-03 9.515E-03 0.000E+00
1.585E+02 1.621E-02 1.621E-02 0.000E+00
1.995E+02 3.105E-02 3.105E-02 0.000E+00
2.512E+02 5.858E-02 5.858E-02 0.000E+00
3.162E+02 9.422E-02 9.422E-02 0.000E+00
3.981E+02 1.234E-01 1.234E-01 0.000E+00
5.012E+02 1.331E-01 1.331E-01 0.000E+00
6.310E+02 1.221E-01 1.221E-01 0.000E+00
7.943E+02 9.879E-02 9.879E-02 0.000E+00
1.000E+03 7.344E-02 7.344E-02 0.000E+00
1.259E+03 5.405E-02 5.405E-02 0.000E+00
1.585E+03 5.179E-02 5.179E-02 0.000E+00
1.995E+03 0.000E+00 1.009E-01 0.000E+00
2.512E+03 0.000E+00 3.022E-01 0.000E+00
3.162E+03 0.000E+00 8.965E-01 0.000E+00
3.981E+03 0.000E+00 2.360E+00 0.000E+00
5.012E+03 0.000E+00 5.515E+00 0.000E+00
6.310E+03 0.000E+00 1.155E+01 0.000E+00
7.943E+03 0.000E+00 2.147E+01 0.000E+00
1.000E+04 0.000E+00 3.476E+01 0.000E+00
1.259E+04 0.000E+00 4.945E+01 0.000E+00
1.585E+04 0.000E+00 6.506E+01 0.000E+00
1.995E+04 0.000E+00 8.514E+01 0.000E+00
2.512E+04 0.000E+00 1.140E+02 0.000E+00
3.162E+04 0.000E+00 1.488E+02 0.000E+00
3.981E+04 0.000E+00 1.776E+02 0.000E+00
5.012E+04 0.000E+00 1.882E+02 0.000E+00

PAH
3.981E-03= radius (micron)
T_rad    <Qem>/a   <Qabs>/a  <Qpr>/a (micron-1)
5.012E+00 9.542E-06 9.542E-06 0.000E+00
6.310E+00 1.497E-05 1.497E-05 0.000E+00
7.943E+00 2.357E-05 2.357E-05 0.000E+00
1.000E+01 3.722E-05 3.722E-05 0.000E+00
1.259E+01 5.903E-05 5.903E-05 0.000E+00
1.585E+01 9.411E-05 9.411E-05 0.000E+00
1.995E+01 1.510E-04 1.510E-04 0.000E+00
2.512E+01 2.444E-04 2.444E-04 0.000E+00
3.162E+01 4.002E-04 4.002E-04 0.000E+00
3.981E+01 6.658E-04 6.658E-04 0.000E+00
5.012E+01 1.136E-03 1.136E-03 0.000E+00
6.310E+01 2.001E-03 2.001E-03 0.000E+00
7.943E+01 3.545E-03 3.545E-03 0.000E+00
1.000E+02 5.989E-03 5.989E-03 0.000E+00
1.259E+02 9.659E-03 9.659E-03 0.000E+00
1.585E+02 1.644E-02 1.644E-02 0.000E+00
1.995E+02 3.133E-02 3.133E-02 0.000E+00
2.512E+02 5.885E-02 5.885E-02 0.000E+00
3.162E+02 9.445E-02 9.445E-02 0.000E+00
3.981E+02 1.235E-01 1.235E-01 0.000E+00
5.012E+02 1.332E-01 1.332E-01 0.000E+00
6.310E+02 1.222E-01 1.222E-01 0.000E+00
7.943E+02 9.884E-02 9.884E-02 0.000E+00
1.000E+03 7.347E-02 7.347E-02 0.000E+00
1.259E+03 5.409E-02 5.409E-02 0.000E+00
1.585E+03 5.187E-02 5.187E-02 0.000E+00
1.995E+03 0.000E+00 1.010E-01 0.000E+00
2.512E+03 0.000E+00 3.026E-01 0.000E+00
3.162E+03 0.000E+00 8.969E-01 0.000E+00
3.981E+03 0.000E+00 2.360E+00 0.000E+00
5.012E+03 0.000E+00 5.515E+00 0.000E+00
6.310E+03 0.000E+00 1.156E+01 0.000E+00
7.943E+03 0.000E+00 2.147E+01 0.000E+00
1.000E+04 0.000E+00 3.476E+01 0.000E+00
1.259E+04 0.000E+00 4.945E+01 0.000E+00
1.585E+04 0.000E+00 6.506E+01 0.000E+00
1.995E+04 0.000E+00 8.514E+01 0.000E+00
2.512E+04 0.000E+00 1.140E+02 0.000E+00
3.162E+04 0.000E+00 1.487E+02 0.000E+00
3.981E+04 0.000E+00 1.772E+02 0.000E+00
5.012E+04 0.000E+00 1.875E+02 0.000E+00

PAH
4.467E-03= radius (micron)
T_rad    <Qem>/a   <Qabs>/a  <Qpr>/a (micron-1)
5.012E+00 9.510E-06 9.510E-06 0.000E+00
6.310E+00 1.493E-05 1.493E-05 0.000E+00
7.943E+00 2.349E-05 2.349E-05 0.000E+00
1.000E+01 3.709E-05 3.709E-05 0.000E+00
1.259E+01 5.882E-05 5.882E-05 0.000E+00
1.585E+01 9.378E-05 9.378E-05 0.000E+00
1.995E+01 1.505E-04 1.505E-04 0.000E+00
2.512E+01 2.438E-04 2.438E-04 0.000E+00
3.162E+01 3.996E-04 3.996E-04 0.000E+00
3.981E+01 6.656E-04 6.656E-04 0.000E+00
5.012E+01 1.136E-03 1.136E-03 0.000E+00
6.310E+01 2.003E-03 2.003E-03 0.000E+00
7.943E+01 3.549E-03 3.549E-03 0.000E+00
1.000E+02 5.994E-03 5.994E-03 0.000E+00
1.259E+02 9.664E-03 9.664E-03 0.000E+00
1.585E+02 1.644E-02 1.644E-02 0.000E+00
1.995E+02 3.134E-02 3.134E-02 0.000E+00
2.512E+02 5.885E-02 5.885E-02 0.000E+00
3.162E+02 9.445E-02 9.445E-02 0.000E+00
3.981E+02 1.235E-01 1.235E-01 0.000E+00
5.012E+02 1.332E-01 1.332E-01 0.000E+00
6.310E+02 1.222E-01 1.222E-01 0.000E+00
7.943E+02 9.884E-02 9.884E-02 0.000E+00
1.000E+03 7.347E-02 7.347E-02 0.000E+00
1.259E+03 5.411E-02 5.411E-02 0.000E+00
1.585E+03 5.193E-02 5.193E-02 0.000E+00
1.995E+03 0.000E+00 1.012E-01 0.000E+00
2.512E+03 0.000E+00 3.028E-01 0.000E+00
3.162E+03 0.000E+00 8.973E-01 0.000E+00
3.981E+03 0.000E+00 2.361E+00 0.000E+00
5.012E+03 0.000E+00 5.516E+00 0.000E+00
6.310E+03 0.000E+00 1.156E+01 0.000E+00
7.943E+03 0.000E+00 2.147E+01 0.000E+00
1.000E+04 0.000E+00 3.477E+01 0.000E+00
1.259E+04 0.000E+00 4.945E+01 0.000E+00
1.585E+04 0.000E+00 6.506E+01 0.000E+00
1.995E+04 0.000E+00 8.513E+01 0.000E+00
2.512E+04 0.000E+00 1.139E+02 0.000E+00
3.162E+04 0.000E+00 1.485E+02 0.000E+00
3.981E+04 0.000E+00 1.767E+02 0.000E+00
5.012E+04 0.000E+00 1.867E+02 0.000E+00

PAH
5.012E-03= radius (micron)
T_rad    <Qem>/a   <Qabs>/a  <Qpr>/a (micron-1)
5.012E+00 1.230E-05 1.230E-05 0.000E+00
6.310E+00 1.925E-05 1.925E-05 0.000E+00
7.943E+00 3.018E-05 3.018E-05 0.000E+00
1.000E+01 4.750E-05 4.750E-05 0.000E+00
1.259E+01 7.509E-05 7.509E-05 0.000E+00
1.585E+01 1.193E-04 1.193E-04 0.000E+00
1.995E+01 1.908E-04 1.908E-04 0.000E+00
2.512E+01 3.072E-04 3.072E-04 0.000E+00
3.162E+01 4.982E-04 4.982E-04 0.000E+00
3.981E+01 8.147E-04 8.147E-04 0.000E+00
5.012E+01 1.352E-03 1.352E-03 0.000E+00
6.310E+01 2.295E-03 2.295E-03 0.000E+00
7.943E+01 3.920E-03 3.920E-03 0.000E+00
1.000E+02 6.450E-03 6.450E-03 0.000E+00
1.259E+02 1.021E-02 1.021E-02 0.000E+00
1.585E+02 1.705E-02 1.705E-02 0.000E+00
1.995E+02 3.192E-02 3.192E-02 0.000E+00
2.512E+02 5.928E-02 5.928E-02 0.000E+00
3.162E+02 9.466E-02 9.466E-02 0.000E+00
3.981E+02 1.236E-01 1.236E-01 0.000E+00
5.012E+02 1.334E-01 1.334E-01 0.000E+00
6.310E+02 1.229E-01 1.229E-01 0.000E+00
7.943E+02 1.003E-01 1.003E-01 0.000E+00
1.000E+03 7.596E-02 7.596E-02 0.000E+00
1.259E+03 5.801E-02 5.801E-02 0.000E+00
1.585E+03 5.770E-02 5.770E-02 0.000E+00
1.995E+03 0.000E+00 1.093E-01 0.000E+00
2.512E+03 0.000E+00 3.134E-01 0.000E+00
3.162E+03 0.000E+00 9.091E-01 0.000E+00
3.981E+03 0.000E+00 2.370E+00 0.000E+00
5.012E+03 0.000E+00 5.515E+00 0.000E+00
6.310E+03 0.000E+00 1.154E+01 0.000E+00
7.943E+03 0.000E+00 2.142E+01 0.000E+00
1.000E+04 0.000E+00 3.467E+01 0.000E+00
1.259E+04 0.000E+00 4.932E+01 0.000E+00
1.585E+04 0.000E+00 6.488E+01 0.000E+00
1.995E+04 0.000E+00 8.489E+01 0.000E+00
2.512E+04 0.000E+00 1.136E+02 0.000E+00
3.162E+04 0.000E+00 1.479E+02 0.000E+00
3.981E+04 0.000E+00 1.758E+02 0.000E+00
5.012E+04 0.000E+00 1.854E+02 0.000E+00

PAH
5.623E-03= radius (micron)
T_rad    <Qem>/a   <Qabs>/a  <Qpr>/a (micron-1)
5.012E+00 1.270E-04 1.270E-04 0.000E+00
6.310E+00 1.966E-04 1.966E-04 0.000E+00
7.943E+00 3.050E-04 3.050E-04 0.000E+00
1.000E+01 4.751E-04 4.751E-04 0.000E+00
1.259E+01 7.438E-04 7.438E-04 0.000E+00
1.585E+01 1.170E-03 1.170E-03 0.000E+00
1.995E+01 1.845E-03 1.845E-03 0.000E+00
2.512E+01 2.908E-03 2.908E-03 0.000E+00
3.162E+01 4.537E-03 4.537E-03 0.000E+00
3.981E+01 6.917E-03 6.917E-03 0.000E+00
5.012E+01 1.014E-02 1.014E-02 0.000E+00
6.310E+01 1.412E-02 1.412E-02 0.000E+00
7.943E+01 1.856E-02 1.856E-02 0.000E+00
1.000E+02 2.305E-02 2.305E-02 0.000E+00
1.259E+02 2.752E-02 2.752E-02 0.000E+00
1.585E+02 3.341E-02 3.341E-02 0.000E+00
1.995E+02 4.484E-02 4.484E-02 0.000E+00
2.512E+02 6.590E-02 6.590E-02 0.000E+00
3.162E+02 9.449E-02 9.449E-02 0.000E+00
3.981E+02 1.215E-01 1.215E-01 0.000E+00
5.012E+02 1.393E-01 1.393E-01 0.000E+00
6.310E+02 1.487E-01 1.487E-01 0.000E+00
7.943E+02 1.577E-01 1.577E-01 0.000E+00
1.000E+03 1.769E-01 1.769E-01 0.000E+00
1.259E+03 2.164E-01 2.164E-01 0.000E+00
1.585E+03 2.914E-01 2.914E-01 0.000E+00
1.995E+03 0.000E+00 4.359E-01 0.000E+00
2.512E+03 0.000E+00 7.357E-01 0.000E+00
3.162E+03 0.000E+00 1.381E+00 0.000E+00
3.981E+03 0.000E+00 2.747E+00 0.000E+00
5.012E+03 0.000E+00 5.502E+00 0.000E+00
6.310E+03 0.000E+00 1.070E+01 0.000E+00
7.943E+03 0.000E+00 1.930E+01 0.000E+00
1.000E+04 0.000E+00 3.095E+01 0.000E+00
1.259E+04 0.000E+00 4.384E+01 0.000E+00
1.585E+04 0.000E+00 5.746E+01 0.000E+00
1.995E+04 0.000E+00 7.522E+01 0.000E+00
2.512E+04 0.000E+00 1.012E+02 0.000E+00
3.162E+04 0.000E+00 1.327E+02 0.000E+00
3.981E+04 0.000E+00 1.587E+02 0.000E+00
5.012E+04 0.000E+00 1.682E+02 0.000E+00

PAH
6.310E-03= radius (micron)
T_rad    <Qem>/a   <Qabs>/a  <Qpr>/a (micron-1)
5.012E+00 2.067E-04 2.067E-04 0.000E+00
6.310E+00 3.201E-04 3.201E-04 0.000E+00
7.943E+00 4.968E-04 4.968E-04 0.000E+00
1.000E+01 7.737E-04 7.737E-04 0.000E+00
1.259E+01 1.210E-03 1.210E-03 0.000E+00
1.585E+01 1.903E-03 1.903E-03 0.000E+00
1.995E+01 3.001E-03 3.001E-03 0.000E+00
2.512E+01 4.728E-03 4.728E-03 0.000E+00
3.162E+01 7.375E-03 7.375E-03 0.000E+00
3.981E+01 1.123E-02 1.123E-02 0.000E+00
5.012E+01 1.638E-02 1.638E-02 0.000E+00
6.310E+01 2.256E-02 2.256E-02 0.000E+00
7.943E+01 2.903E-02 2.903E-02 0.000E+00
1.000E+02 3.496E-02 3.496E-02 0.000E+00
1.259E+02 3.994E-02 3.994E-02 0.000E+00
1.585E+02 4.515E-02 4.515E-02 0.000E+00
1.995E+02 5.413E-02 5.413E-02 0.000E+00
2.512E+02 7.069E-02 7.069E-02 0.000E+00
3.162E+02 9.444E-02 9.444E-02 0.000E+00
3.981E+02 1.201E-01 1.201E-01 0.000E+00
5.012E+02 1.436E-01 1.436E-01 0.000E+00
6.310E+02 1.670E-01 1.670E-01 0.000E+00
7.943E+02 1.985E-01 1.985E-01 0.000E+00
1.000E+03 2.484E-01 2.484E-01 0.000E+00
1.259E+03 3.288E-01 3.288E-01 0.000E+00
1.585E+03 4.571E-01 4.571E-01 0.000E+00
1.995E+03 0.000E+00 6.677E-01 0.000E+00
2.512E+03 0.000E+00 1.036E+00 0.000E+00
3.162E+03 0.000E+00 1.718E+00 0.000E+00
3.981E+03 0.000E+00 3.017E+00 0.000E+00
5.012E+03 0.000E+00 5.501E+00 0.000E+00
6.310E+03 0.000E+00 1.012E+01 0.000E+00
7.943E+03 0.000E+00 1.783E+01 0.000E+00
1.000E+04 0.000E+00 2.836E+01 0.000E+00
1.259E+04 0.000E+00 4.002E+01 0.000E+00
1.585E+04 0.000E+00 5.229E+01 0.000E+00
1.995E+04 0.000E+00 6.839E+01 0.000E+00
2.512E+04 0.000E+00 9.220E+01 0.000E+00
3.162E+04 0.000E+00 1.212E+02 0.000E+00
3.981E+04 0.000E+00 1.451E+02 0.000E+00
5.012E+04 0.000E+00 1.539E+02 0.000E+00

PAH
7.079E-03= radius (micron)
T_rad    <Qem>/a   <Qabs>/a  <Qpr>/a (micron-1)
5.012E+00 2.617E-04 2.617E-04 0.000E+00
6.310E+00 4.060E-04 4.060E-04 0.000E+00
7.943E+00 6.306E-04 6.306E-04 0.000E+00
1.000E+01 9.821E-04 9.821E-04 0.000E+00
1.259E+01 1.536E-03 1.536E-03 0.000E+00
1.585E+01 2.414E-03 2.414E-03 0.000E+00
1.995E+01 3.807E-03 3.807E-03 0.000E+00
2.512E+01 6.002E-03 6.002E-03 0.000E+00
3.162E+01 9.370E-03 9.370E-03 0.000E+00
3.981E+01 1.427E-02 1.427E-02 0.000E+00
5.012E+01 2.082E-02 2.082E-02 0.000E+00
6.310E+01 2.858E-02 2.858E-02 0.000E+00
7.943E+01 3.654E-02 3.654E-02 0.000E+00
1.000E+02 4.351E-02 4.351E-02 0.000E+00
1.259E+02 4.886E-02 4.886E-02 0.000E+00
1.585E+02 5.357E-02 5.357E-02 0.000E+00
1.995E+02 6.080E-02 6.080E-02 0.000E+00
2.512E+02 7.416E-02 7.416E-02 0.000E+00
3.162E+02 9.447E-02 9.447E-02 0.000E+00
3.981E+02 1.192E-01 1.192E-01 0.000E+00
5.012E+02 1.467E-01 1.467E-01 0.000E+00
6.310E+02 1.801E-01 1.801E-01 0.000E+00
7.943E+02 2.274E-01 2.274E-01 0.000E+00
1.000E+03 2.992E-01 2.992E-01 0.000E+00
1.259E+03 4.086E-01 4.086E-01 0.000E+00
1.585E+03 5.748E-01 5.748E-01 0.000E+00
1.995E+03 0.000E+00 8.325E-01 0.000E+00
2.512E+03 0.000E+00 1.249E+00 0.000E+00
3.162E+03 0.000E+00 1.958E+00 0.000E+00
3.981E+03 0.000E+00 3.214E+00 0.000E+00
5.012E+03 0.000E+00 5.510E+00 0.000E+00
6.310E+03 0.000E+00 9.731E+00 0.000E+00
7.943E+03 0.000E+00 1.682E+01 0.000E+00
1.000E+04 0.000E+00 2.658E+01 0.000E+00
1.259E+04 0.000E+00 3.739E+01 0.000E+00
1.585E+04 0.000E+00 4.870E+01 0.000E+00
1.995E+04 0.000E+00 6.353E+01 0.000E+00
2.512E+04 0.000E+00 8.544E+01 0.000E+00
3.162E+04 0.000E+00 1.120E+02 0.000E+00
3.981E+04 0.000E+00 1.336E+02 0.000E+00
5.012E+04 0.000E+00 1.415E+02 0.000E+00

PAH
7.943E-03= radius (micron)
T_rad    <Qem>/a   <Qabs>/a  <Qpr>/a (micron-1)
5.012E+00 2.993E-04 2.993E-04 0.000E+00
6.310E+00 4.653E-04 4.653E-04 0.000E+00
7.943E+00 7.235E-04 7.235E-04 0.000E+00
1.000E+01 1.127E-03 1.127E-03 0.000E+00
1.259E+01 1.763E-03 1.763E-03 0.000E+00
1.585E+01 2.771E-03 2.771E-03 0.000E+00
1.995E+01 4.370E-03 4.370E-03 0.000E+00
2.512E+01 6.892E-03 6.892E-03 0.000E+00
3.162E+01 1.077E-02 1.077E-02 0.000E+00
3.981E+01 1.642E-02 1.642E-02 0.000E+00
5.012E+01 2.397E-02 2.397E-02 0.000E+00
6.310E+01 3.289E-02 3.289E-02 0.000E+00
7.943E+01 4.193E-02 4.193E-02 0.000E+00
1.000E+02 4.965E-02 4.965E-02 0.000E+00
1.259E+02 5.527E-02 5.527E-02 0.000E+00
1.585E+02 5.964E-02 5.964E-02 0.000E+00
1.995E+02 6.560E-02 6.560E-02 0.000E+00
2.512E+02 7.669E-02 7.669E-02 0.000E+00
3.162E+02 9.456E-02 9.456E-02 0.000E+00
3.981E+02 1.186E-01 1.186E-01 0.000E+00
5.012E+02 1.489E-01 1.489E-01 0.000E+00
6.310E+02 1.895E-01 1.895E-01 0.000E+00
7.943E+02 2.480E-01 2.480E-01 0.000E+00
1.000E+03 3.354E-01 3.354E-01 0.000E+00
1.259E+03 4.653E-01 4.653E-01 0.000E+00
1.585E+03 6.586E-01 6.586E-01 0.000E+00
1.995E+03 0.000E+00 9.499E-01 0.000E+00
2.512E+03 0.000E+00 1.402E+00 0.000E+00
3.162E+03 0.000E+00 2.131E+00 0.000E+00
3.981E+03 0.000E+00 3.359E+00 0.000E+00
5.012E+03 0.000E+00 5.530E+00 0.000E+00
6.310E+03 0.000E+00 9.481E+00 0.000E+00
7.943E+03 0.000E+00 1.615E+01 0.000E+00
1.000E+04 0.000E+00 2.538E+01 0.000E+00
1.259E+04 0.000E+00 3.560E+01 0.000E+00
1.585E+04 0.000E+00 4.622E+01 0.000E+00
1.995E+04 0.000E+00 6.001E+01 0.000E+00
2.512E+04 0.000E+00 8.013E+01 0.000E+00
3.162E+04 0.000E+00 1.041E+02 0.000E+00
3.981E+04 0.000E+00 1.234E+02 0.000E+00
5.012E+04 0.000E+00 1.301E+02 0.000E+00

PAH
8.913E-03= radius (micron)
T_rad    <Qem>/a   <Qabs>/a  <Qpr>/a (micron-1)
5.012E+00 3.247E-04 3.247E-04 0.000E+00
6.310E+00 5.059E-04 5.059E-04 0.000E+00
7.943E+00 7.878E-04 7.878E-04 0.000E+00
1.000E+01 1.229E-03 1.229E-03 0.000E+00
1.259E+01 1.922E-03 1.922E-03 0.000E+00
1.585E+01 3.020E-03 3.020E-03 0.000E+00
1.995E+01 4.763E-03 4.763E-03 0.000E+00
2.512E+01 7.515E-03 7.515E-03 0.000E+00
3.162E+01 1.175E-02 1.175E-02 0.000E+00
3.981E+01 1.794E-02 1.794E-02 0.000E+00
5.012E+01 2.621E-02 2.621E-02 0.000E+00
6.310E+01 3.597E-02 3.597E-02 0.000E+00
7.943E+01 4.580E-02 4.580E-02 0.000E+00
1.000E+02 5.408E-02 5.408E-02 0.000E+00
1.259E+02 5.990E-02 5.990E-02 0.000E+00
1.585E+02 6.401E-02 6.401E-02 0.000E+00
1.995E+02 6.907E-02 6.907E-02 0.000E+00
2.512E+02 7.854E-02 7.854E-02 0.000E+00
3.162E+02 9.467E-02 9.467E-02 0.000E+00
3.981E+02 1.182E-01 1.182E-01 0.000E+00
5.012E+02 1.505E-01 1.505E-01 0.000E+00
6.310E+02 1.961E-01 1.961E-01 0.000E+00
7.943E+02 2.627E-01 2.627E-01 0.000E+00
1.000E+03 3.611E-01 3.611E-01 0.000E+00
1.259E+03 5.058E-01 5.058E-01 0.000E+00
1.585E+03 7.184E-01 7.184E-01 0.000E+00
1.995E+03 0.000E+00 1.034E+00 0.000E+00
2.512E+03 0.000E+00 1.512E+00 0.000E+00
3.162E+03 0.000E+00 2.258E+00 0.000E+00
3.981E+03 0.000E+00 3.469E+00 0.000E+00
5.012E+03 0.000E+00 5.559E+00 0.000E+00
6.310E+03 0.000E+00 9.334E+00 0.000E+00
7.943E+03 0.000E+00 1.572E+01 0.000E+00
1.000E+04 0.000E+00 2.459E+01 0.000E+00
1.259E+04 0.000E+00 3.440E+01 0.000E+00
1.585E+04 0.000E+00 4.451E+01 0.000E+00
1.995E+04 0.000E+00 5.736E+01 0.000E+00
2.512E+04 0.000E+00 7.569E+01 0.000E+00
3.162E+04 0.000E+00 9.707E+01 0.000E+00
3.981E+04 0.000E+00 1.138E+02 0.000E+00
5.012E+04 0.000E+00 1.192E+02 0.000E+00

PAH
1.000E-02= radius (micron)
T_rad    <Qem>/a   <Qabs>/a  <Qpr>/a (micron-1)
5.012E+00 3.415E-04 3.415E-04 0.000E+00
6.310E+00 5.333E-04 5.333E-04 0.000E+00
7.943E+00 8.319E-04 8.319E-04 0.000E+00
1.000E+01 1.299E-03 1.299E-03 0.000E+00
1.259E+01 2.032E-03 2.032E-03 0.000E+00
1.585E+01 3.193E-03 3.193E-03 0.000E+00
1.995E+01 5.037E-03 5.037E-03 0.000E+00
2.512E+01 7.950E-03 7.950E-03 0.000E+00
3.162E+01 1.244E-02 1.244E-02 0.000E+00
3.981E+01 1.902E-02 1.902E-02 0.000E+00
5.012E+01 2.781E-02 2.781E-02 0.000E+00
6.310E+01 3.817E-02 3.817E-02 0.000E+00
7.943E+01 4.859E-02 4.859E-02 0.000E+00
1.000E+02 5.726E-02 5.726E-02 0.000E+00
1.259E+02 6.319E-02 6.319E-02 0.000E+00
1.585E+02 6.708E-02 6.708E-02 0.000E+00
1.995E+02 7.148E-02 7.148E-02 0.000E+00
2.512E+02 7.979E-02 7.979E-02 0.000E+00
3.162E+02 9.471E-02 9.471E-02 0.000E+00
3.981E+02 1.179E-01 1.179E-01 0.000E+00
5.012E+02 1.517E-01 1.517E-01 0.000E+00
6.310E+02 2.009E-01 2.009E-01 0.000E+00
7.943E+02 2.733E-01 2.733E-01 0.000E+00
1.000E+03 3.796E-01 3.796E-01 0.000E+00
1.259E+03 5.348E-01 5.348E-01 0.000E+00
1.585E+03 7.615E-01 7.615E-01 0.000E+00
1.995E+03 0.000E+00 1.095E+00 0.000E+00
2.512E+03 0.000E+00 1.592E+00 0.000E+00
3.162E+03 0.000E+00 2.352E+00 0.000E+00
3.981E+03 0.000E+00 3.556E+00 0.000E+00
5.012E+03 0.000E+00 5.598E+00 0.000E+00
6.310E+03 0.000E+00 9.266E+00 0.000E+00
7.943E+03 0.000E+00 1.547E+01 0.000E+00
1.000E+04 0.000E+00 2.411E+01 0.000E+00
1.259E+04 0.000E+00 3.363E+01 0.000E+00
1.585E+04 0.000E+00 4.331E+01 0.000E+00
1.995E+04 0.000E+00 5.527E+01 0.000E+00
2.512E+04 0.000E+00 7.176E+01 0.000E+00
3.162E+04 0.000E+00 9.045E+01 0.000E+00
3.981E+04 0.000E+00 1.046E+02 0.000E+00
5.012E+04 0.000E+00 1.087E+02 0.000E+00
