Gra06
Planck-averaged Q_em, Q_abs calculated by CREATEPLANCKAV
 
 
Emissivity <Qem> is computed only for T<       1500.0000
Planck-averaged Q_em for T_d=T_rad
Planck-averaged Q_abs and Q_pr for T_d= 25.00K
38 temperature bins
25 grain sizes:
1.000E-03
2.000E-03
3.000E-03
5.000E-03
6.000E-03
7.000E-03
1.000E-02
1.500E-02
2.000E-02
3.000E-02
5.000E-02
7.000E-02
1.000E-01
1.500E-01
2.000E-01
3.000E-01
5.000E-01
7.000E-01
1.000E+00
1.500E+00
2.000E+00
3.000E+00
5.000E+00
7.000E+00
1.000E+01
 
Gra06
1.000E-03= radius (micron)
  T_rad    <Qem>/a   <Qabs>/a  dummy  (micron-1)
1.000E+01 2.064E-05 2.064E-05 0.000E+00
1.259E+01 3.282E-05 3.282E-05 0.000E+00
1.585E+01 5.267E-05 5.267E-05 0.000E+00
1.995E+01 8.552E-05 8.552E-05 0.000E+00
2.512E+01 1.414E-04 1.414E-04 0.000E+00
3.162E+01 2.397E-04 2.397E-04 0.000E+00
3.981E+01 4.159E-04 4.159E-04 0.000E+00
5.012E+01 7.221E-04 7.221E-04 0.000E+00
6.310E+01 1.218E-03 1.218E-03 0.000E+00
7.943E+01 1.981E-03 1.981E-03 0.000E+00
1.000E+02 3.172E-03 3.172E-03 0.000E+00
1.259E+02 5.205E-03 5.205E-03 0.000E+00
1.585E+02 9.249E-03 9.249E-03 0.000E+00
1.995E+02 1.786E-02 1.786E-02 0.000E+00
2.512E+02 3.343E-02 3.343E-02 0.000E+00
3.162E+02 5.376E-02 5.376E-02 0.000E+00
3.981E+02 7.107E-02 7.107E-02 0.000E+00
5.012E+02 7.795E-02 7.795E-02 0.000E+00
6.310E+02 7.338E-02 7.338E-02 0.000E+00
7.943E+02 6.285E-02 6.285E-02 0.000E+00
1.000E+03 5.704E-02 5.704E-02 0.000E+00
1.259E+03 7.509E-02 7.509E-02 0.000E+00
1.585E+03 0.000E+00 0.000E+00 0.000E+00
1.995E+03 0.000E+00 0.000E+00 0.000E+00
2.512E+03 0.000E+00 0.000E+00 0.000E+00
3.162E+03 0.000E+00 0.000E+00 0.000E+00
3.981E+03 0.000E+00 0.000E+00 0.000E+00
5.012E+03 0.000E+00 0.000E+00 0.000E+00
6.310E+03 0.000E+00 0.000E+00 0.000E+00
7.943E+03 0.000E+00 0.000E+00 0.000E+00
1.000E+04 0.000E+00 0.000E+00 0.000E+00
1.259E+04 0.000E+00 0.000E+00 0.000E+00
1.585E+04 0.000E+00 0.000E+00 0.000E+00
1.995E+04 0.000E+00 0.000E+00 0.000E+00
2.512E+04 0.000E+00 0.000E+00 0.000E+00
3.162E+04 0.000E+00 0.000E+00 0.000E+00
3.981E+04 0.000E+00 0.000E+00 0.000E+00
5.012E+04 0.000E+00 0.000E+00 0.000E+00
 
Gra06
2.000E-03= radius (micron)
  T_rad    <Qem>/a   <Qabs>/a  dummy  (micron-1)
1.000E+01 2.077E-05 2.077E-05 0.000E+00
1.259E+01 3.293E-05 3.293E-05 0.000E+00
1.585E+01 5.275E-05 5.275E-05 0.000E+00
1.995E+01 8.554E-05 8.554E-05 0.000E+00
2.512E+01 1.413E-04 1.413E-04 0.000E+00
3.162E+01 2.394E-04 2.394E-04 0.000E+00
3.981E+01 4.154E-04 4.154E-04 0.000E+00
5.012E+01 7.212E-04 7.212E-04 0.000E+00
6.310E+01 1.216E-03 1.216E-03 0.000E+00
7.943E+01 1.978E-03 1.978E-03 0.000E+00
1.000E+02 3.166E-03 3.166E-03 0.000E+00
1.259E+02 5.191E-03 5.191E-03 0.000E+00
1.585E+02 9.219E-03 9.219E-03 0.000E+00
1.995E+02 1.780E-02 1.780E-02 0.000E+00
2.512E+02 3.332E-02 3.332E-02 0.000E+00
3.162E+02 5.361E-02 5.361E-02 0.000E+00
3.981E+02 7.088E-02 7.088E-02 0.000E+00
5.012E+02 7.776E-02 7.776E-02 0.000E+00
6.310E+02 7.321E-02 7.321E-02 0.000E+00
7.943E+02 6.272E-02 6.272E-02 0.000E+00
1.000E+03 5.699E-02 5.699E-02 0.000E+00
1.259E+03 7.546E-02 7.546E-02 0.000E+00
1.585E+03 0.000E+00 0.000E+00 0.000E+00
1.995E+03 0.000E+00 0.000E+00 0.000E+00
2.512E+03 0.000E+00 0.000E+00 0.000E+00
3.162E+03 0.000E+00 0.000E+00 0.000E+00
3.981E+03 0.000E+00 0.000E+00 0.000E+00
5.012E+03 0.000E+00 0.000E+00 0.000E+00
6.310E+03 0.000E+00 0.000E+00 0.000E+00
7.943E+03 0.000E+00 0.000E+00 0.000E+00
1.000E+04 0.000E+00 0.000E+00 0.000E+00
1.259E+04 0.000E+00 0.000E+00 0.000E+00
1.585E+04 0.000E+00 0.000E+00 0.000E+00
1.995E+04 0.000E+00 0.000E+00 0.000E+00
2.512E+04 0.000E+00 0.000E+00 0.000E+00
3.162E+04 0.000E+00 0.000E+00 0.000E+00
3.981E+04 0.000E+00 0.000E+00 0.000E+00
5.012E+04 0.000E+00 0.000E+00 0.000E+00
 
Gra06
3.000E-03= radius (micron)
  T_rad    <Qem>/a   <Qabs>/a  dummy  (micron-1)
1.000E+01 2.087E-05 2.087E-05 0.000E+00
1.259E+01 3.302E-05 3.302E-05 0.000E+00
1.585E+01 5.280E-05 5.280E-05 0.000E+00
1.995E+01 8.553E-05 8.553E-05 0.000E+00
2.512E+01 1.412E-04 1.412E-04 0.000E+00
3.162E+01 2.391E-04 2.391E-04 0.000E+00
3.981E+01 4.148E-04 4.148E-04 0.000E+00
5.012E+01 7.200E-04 7.200E-04 0.000E+00
6.310E+01 1.214E-03 1.214E-03 0.000E+00
7.943E+01 1.974E-03 1.974E-03 0.000E+00
1.000E+02 3.160E-03 3.160E-03 0.000E+00
1.259E+02 5.182E-03 5.182E-03 0.000E+00
1.585E+02 9.203E-03 9.203E-03 0.000E+00
1.995E+02 1.777E-02 1.777E-02 0.000E+00
2.512E+02 3.327E-02 3.327E-02 0.000E+00
3.162E+02 5.352E-02 5.352E-02 0.000E+00
3.981E+02 7.077E-02 7.077E-02 0.000E+00
5.012E+02 7.763E-02 7.763E-02 0.000E+00
6.310E+02 7.310E-02 7.310E-02 0.000E+00
7.943E+02 6.262E-02 6.262E-02 0.000E+00
1.000E+03 5.693E-02 5.693E-02 0.000E+00
1.259E+03 7.548E-02 7.548E-02 0.000E+00
1.585E+03 0.000E+00 0.000E+00 0.000E+00
1.995E+03 0.000E+00 0.000E+00 0.000E+00
2.512E+03 0.000E+00 0.000E+00 0.000E+00
3.162E+03 0.000E+00 0.000E+00 0.000E+00
3.981E+03 0.000E+00 0.000E+00 0.000E+00
5.012E+03 0.000E+00 0.000E+00 0.000E+00
6.310E+03 0.000E+00 0.000E+00 0.000E+00
7.943E+03 0.000E+00 0.000E+00 0.000E+00
1.000E+04 0.000E+00 0.000E+00 0.000E+00
1.259E+04 0.000E+00 0.000E+00 0.000E+00
1.585E+04 0.000E+00 0.000E+00 0.000E+00
1.995E+04 0.000E+00 0.000E+00 0.000E+00
2.512E+04 0.000E+00 0.000E+00 0.000E+00
3.162E+04 0.000E+00 0.000E+00 0.000E+00
3.981E+04 0.000E+00 0.000E+00 0.000E+00
5.012E+04 0.000E+00 0.000E+00 0.000E+00
 
Gra06
5.000E-03= radius (micron)
  T_rad    <Qem>/a   <Qabs>/a  dummy  (micron-1)
1.000E+01 2.353E-05 2.353E-05 0.000E+00
1.259E+01 3.710E-05 3.710E-05 0.000E+00
1.585E+01 5.922E-05 5.922E-05 0.000E+00
1.995E+01 9.602E-05 9.602E-05 0.000E+00
2.512E+01 1.592E-04 1.592E-04 0.000E+00
3.162E+01 2.719E-04 2.719E-04 0.000E+00
3.981E+01 4.764E-04 4.764E-04 0.000E+00
5.012E+01 8.322E-04 8.322E-04 0.000E+00
6.310E+01 1.398E-03 1.398E-03 0.000E+00
7.943E+01 2.236E-03 2.236E-03 0.000E+00
1.000E+02 3.479E-03 3.479E-03 0.000E+00
1.259E+02 5.522E-03 5.522E-03 0.000E+00
1.585E+02 9.530E-03 9.530E-03 0.000E+00
1.995E+02 1.806E-02 1.806E-02 0.000E+00
2.512E+02 3.352E-02 3.352E-02 0.000E+00
3.162E+02 5.374E-02 5.374E-02 0.000E+00
3.981E+02 7.102E-02 7.102E-02 0.000E+00
5.012E+02 7.800E-02 7.800E-02 0.000E+00
6.310E+02 7.368E-02 7.368E-02 0.000E+00
7.943E+02 6.354E-02 6.354E-02 0.000E+00
1.000E+03 5.832E-02 5.832E-02 0.000E+00
1.259E+03 7.754E-02 7.754E-02 0.000E+00
1.585E+03 0.000E+00 0.000E+00 0.000E+00
1.995E+03 0.000E+00 0.000E+00 0.000E+00
2.512E+03 0.000E+00 0.000E+00 0.000E+00
3.162E+03 0.000E+00 0.000E+00 0.000E+00
3.981E+03 0.000E+00 0.000E+00 0.000E+00
5.012E+03 0.000E+00 0.000E+00 0.000E+00
6.310E+03 0.000E+00 0.000E+00 0.000E+00
7.943E+03 0.000E+00 0.000E+00 0.000E+00
1.000E+04 0.000E+00 0.000E+00 0.000E+00
1.259E+04 0.000E+00 0.000E+00 0.000E+00
1.585E+04 0.000E+00 0.000E+00 0.000E+00
1.995E+04 0.000E+00 0.000E+00 0.000E+00
2.512E+04 0.000E+00 0.000E+00 0.000E+00
3.162E+04 0.000E+00 0.000E+00 0.000E+00
3.981E+04 0.000E+00 0.000E+00 0.000E+00
5.012E+04 0.000E+00 0.000E+00 0.000E+00
 
Gra06
6.000E-03= radius (micron)
  T_rad    <Qem>/a   <Qabs>/a  dummy  (micron-1)
1.000E+01 3.096E-04 3.096E-04 0.000E+00
1.259E+01 4.831E-04 4.831E-04 0.000E+00
1.585E+01 7.725E-04 7.725E-04 0.000E+00
1.995E+01 1.276E-03 1.276E-03 0.000E+00
2.512E+01 2.201E-03 2.201E-03 0.000E+00
3.162E+01 4.005E-03 4.005E-03 0.000E+00
3.981E+01 7.525E-03 7.525E-03 0.000E+00
5.012E+01 1.371E-02 1.371E-02 0.000E+00
6.310E+01 2.256E-02 2.256E-02 0.000E+00
7.943E+01 3.225E-02 3.225E-02 0.000E+00
1.000E+02 3.999E-02 3.999E-02 0.000E+00
1.259E+02 4.422E-02 4.422E-02 0.000E+00
1.585E+02 4.605E-02 4.605E-02 0.000E+00
1.995E+02 4.911E-02 4.911E-02 0.000E+00
2.512E+02 5.738E-02 5.738E-02 0.000E+00
3.162E+02 7.184E-02 7.184E-02 0.000E+00
3.981E+02 8.977E-02 8.977E-02 0.000E+00
5.012E+02 1.086E-01 1.086E-01 0.000E+00
6.310E+02 1.298E-01 1.298E-01 0.000E+00
7.943E+02 1.596E-01 1.596E-01 0.000E+00
1.000E+03 2.084E-01 2.084E-01 0.000E+00
1.259E+03 2.943E-01 2.943E-01 0.000E+00
1.585E+03 0.000E+00 0.000E+00 0.000E+00
1.995E+03 0.000E+00 0.000E+00 0.000E+00
2.512E+03 0.000E+00 0.000E+00 0.000E+00
3.162E+03 0.000E+00 0.000E+00 0.000E+00
3.981E+03 0.000E+00 0.000E+00 0.000E+00
5.012E+03 0.000E+00 0.000E+00 0.000E+00
6.310E+03 0.000E+00 0.000E+00 0.000E+00
7.943E+03 0.000E+00 0.000E+00 0.000E+00
1.000E+04 0.000E+00 0.000E+00 0.000E+00
1.259E+04 0.000E+00 0.000E+00 0.000E+00
1.585E+04 0.000E+00 0.000E+00 0.000E+00
1.995E+04 0.000E+00 0.000E+00 0.000E+00
2.512E+04 0.000E+00 0.000E+00 0.000E+00
3.162E+04 0.000E+00 0.000E+00 0.000E+00
3.981E+04 0.000E+00 0.000E+00 0.000E+00
5.012E+04 0.000E+00 0.000E+00 0.000E+00
 
Gra06
7.000E-03= radius (micron)
  T_rad    <Qem>/a   <Qabs>/a  dummy  (micron-1)
1.000E+01 4.629E-04 4.629E-04 0.000E+00
1.259E+01 7.214E-04 7.214E-04 0.000E+00
1.585E+01 1.152E-03 1.152E-03 0.000E+00
1.995E+01 1.899E-03 1.899E-03 0.000E+00
2.512E+01 3.276E-03 3.276E-03 0.000E+00
3.162E+01 5.964E-03 5.964E-03 0.000E+00
3.981E+01 1.122E-02 1.122E-02 0.000E+00
5.012E+01 2.045E-02 2.045E-02 0.000E+00
6.310E+01 3.363E-02 3.363E-02 0.000E+00
7.943E+01 4.796E-02 4.796E-02 0.000E+00
1.000E+02 5.911E-02 5.911E-02 0.000E+00
1.259E+02 6.449E-02 6.449E-02 0.000E+00
1.585E+02 6.519E-02 6.519E-02 0.000E+00
1.995E+02 6.543E-02 6.543E-02 0.000E+00
2.512E+02 6.999E-02 6.999E-02 0.000E+00
3.162E+02 8.149E-02 8.149E-02 0.000E+00
3.981E+02 9.982E-02 9.982E-02 0.000E+00
5.012E+02 1.249E-01 1.249E-01 0.000E+00
6.310E+02 1.595E-01 1.595E-01 0.000E+00
7.943E+02 2.102E-01 2.102E-01 0.000E+00
1.000E+03 2.874E-01 2.874E-01 0.000E+00
1.259E+03 4.083E-01 4.083E-01 0.000E+00
1.585E+03 0.000E+00 0.000E+00 0.000E+00
1.995E+03 0.000E+00 0.000E+00 0.000E+00
2.512E+03 0.000E+00 0.000E+00 0.000E+00
3.162E+03 0.000E+00 0.000E+00 0.000E+00
3.981E+03 0.000E+00 0.000E+00 0.000E+00
5.012E+03 0.000E+00 0.000E+00 0.000E+00
6.310E+03 0.000E+00 0.000E+00 0.000E+00
7.943E+03 0.000E+00 0.000E+00 0.000E+00
1.000E+04 0.000E+00 0.000E+00 0.000E+00
1.259E+04 0.000E+00 0.000E+00 0.000E+00
1.585E+04 0.000E+00 0.000E+00 0.000E+00
1.995E+04 0.000E+00 0.000E+00 0.000E+00
2.512E+04 0.000E+00 0.000E+00 0.000E+00
3.162E+04 0.000E+00 0.000E+00 0.000E+00
3.981E+04 0.000E+00 0.000E+00 0.000E+00
5.012E+04 0.000E+00 0.000E+00 0.000E+00
 
Gra06
1.000E-02= radius (micron)
  T_rad    <Qem>/a   <Qabs>/a  dummy  (micron-1)
1.000E+01 6.390E-04 6.390E-04 0.000E+00
1.259E+01 9.964E-04 9.964E-04 0.000E+00
1.585E+01 1.587E-03 1.587E-03 0.000E+00
1.995E+01 2.608E-03 2.608E-03 0.000E+00
2.512E+01 4.487E-03 4.487E-03 0.000E+00
3.162E+01 8.154E-03 8.154E-03 0.000E+00
3.981E+01 1.533E-02 1.533E-02 0.000E+00
5.012E+01 2.794E-02 2.794E-02 0.000E+00
6.310E+01 4.592E-02 4.592E-02 0.000E+00
7.943E+01 6.538E-02 6.538E-02 0.000E+00
1.000E+02 8.032E-02 8.032E-02 0.000E+00
1.259E+02 8.699E-02 8.699E-02 0.000E+00
1.585E+02 8.648E-02 8.648E-02 0.000E+00
1.995E+02 8.362E-02 8.362E-02 0.000E+00
2.512E+02 8.412E-02 8.412E-02 0.000E+00
3.162E+02 9.239E-02 9.239E-02 0.000E+00
3.981E+02 1.112E-01 1.112E-01 0.000E+00
5.012E+02 1.433E-01 1.433E-01 0.000E+00
6.310E+02 1.929E-01 1.929E-01 0.000E+00
7.943E+02 2.669E-01 2.669E-01 0.000E+00
1.000E+03 3.759E-01 3.759E-01 0.000E+00
1.259E+03 5.363E-01 5.363E-01 0.000E+00
1.585E+03 0.000E+00 0.000E+00 0.000E+00
1.995E+03 0.000E+00 0.000E+00 0.000E+00
2.512E+03 0.000E+00 0.000E+00 0.000E+00
3.162E+03 0.000E+00 0.000E+00 0.000E+00
3.981E+03 0.000E+00 0.000E+00 0.000E+00
5.012E+03 0.000E+00 0.000E+00 0.000E+00
6.310E+03 0.000E+00 0.000E+00 0.000E+00
7.943E+03 0.000E+00 0.000E+00 0.000E+00
1.000E+04 0.000E+00 0.000E+00 0.000E+00
1.259E+04 0.000E+00 0.000E+00 0.000E+00
1.585E+04 0.000E+00 0.000E+00 0.000E+00
1.995E+04 0.000E+00 0.000E+00 0.000E+00
2.512E+04 0.000E+00 0.000E+00 0.000E+00
3.162E+04 0.000E+00 0.000E+00 0.000E+00
3.981E+04 0.000E+00 0.000E+00 0.000E+00
5.012E+04 0.000E+00 0.000E+00 0.000E+00
 
Gra06
1.500E-02= radius (micron)
  T_rad    <Qem>/a   <Qabs>/a  dummy  (micron-1)
1.000E+01 7.047E-04 7.047E-04 0.000E+00
1.259E+01 1.105E-03 1.105E-03 0.000E+00
1.585E+01 1.760E-03 1.760E-03 0.000E+00
1.995E+01 2.886E-03 2.886E-03 0.000E+00
2.512E+01 4.947E-03 4.947E-03 0.000E+00
3.162E+01 8.966E-03 8.966E-03 0.000E+00
3.981E+01 1.683E-02 1.683E-02 0.000E+00
5.012E+01 3.064E-02 3.064E-02 0.000E+00
6.310E+01 5.034E-02 5.034E-02 0.000E+00
7.943E+01 7.164E-02 7.164E-02 0.000E+00
1.000E+02 8.794E-02 8.794E-02 0.000E+00
1.259E+02 9.509E-02 9.509E-02 0.000E+00
1.585E+02 9.419E-02 9.419E-02 0.000E+00
1.995E+02 9.026E-02 9.026E-02 0.000E+00
2.512E+02 8.935E-02 8.935E-02 0.000E+00
3.162E+02 9.651E-02 9.651E-02 0.000E+00
3.981E+02 1.156E-01 1.156E-01 0.000E+00
5.012E+02 1.503E-01 1.503E-01 0.000E+00
6.310E+02 2.056E-01 2.056E-01 0.000E+00
7.943E+02 2.886E-01 2.886E-01 0.000E+00
1.000E+03 4.100E-01 4.100E-01 0.000E+00
1.259E+03 5.864E-01 5.864E-01 0.000E+00
1.585E+03 0.000E+00 0.000E+00 0.000E+00
1.995E+03 0.000E+00 0.000E+00 0.000E+00
2.512E+03 0.000E+00 0.000E+00 0.000E+00
3.162E+03 0.000E+00 0.000E+00 0.000E+00
3.981E+03 0.000E+00 0.000E+00 0.000E+00
5.012E+03 0.000E+00 0.000E+00 0.000E+00
6.310E+03 0.000E+00 0.000E+00 0.000E+00
7.943E+03 0.000E+00 0.000E+00 0.000E+00
1.000E+04 0.000E+00 0.000E+00 0.000E+00
1.259E+04 0.000E+00 0.000E+00 0.000E+00
1.585E+04 0.000E+00 0.000E+00 0.000E+00
1.995E+04 0.000E+00 0.000E+00 0.000E+00
2.512E+04 0.000E+00 0.000E+00 0.000E+00
3.162E+04 0.000E+00 0.000E+00 0.000E+00
3.981E+04 0.000E+00 0.000E+00 0.000E+00
5.012E+04 0.000E+00 0.000E+00 0.000E+00
 
Gra06
2.000E-02= radius (micron)
  T_rad    <Qem>/a   <Qabs>/a  dummy  (micron-1)
1.000E+01 7.207E-04 7.207E-04 0.000E+00
1.259E+01 1.137E-03 1.137E-03 0.000E+00
1.585E+01 1.817E-03 1.817E-03 0.000E+00
1.995E+01 2.977E-03 2.977E-03 0.000E+00
2.512E+01 5.092E-03 5.092E-03 0.000E+00
3.162E+01 9.209E-03 9.209E-03 0.000E+00
3.981E+01 1.726E-02 1.726E-02 0.000E+00
5.012E+01 3.140E-02 3.140E-02 0.000E+00
6.310E+01 5.157E-02 5.157E-02 0.000E+00
7.943E+01 7.338E-02 7.338E-02 0.000E+00
1.000E+02 9.006E-02 9.006E-02 0.000E+00
1.259E+02 9.738E-02 9.738E-02 0.000E+00
1.585E+02 9.640E-02 9.640E-02 0.000E+00
1.995E+02 9.226E-02 9.226E-02 0.000E+00
2.512E+02 9.106E-02 9.106E-02 0.000E+00
3.162E+02 9.806E-02 9.806E-02 0.000E+00
3.981E+02 1.174E-01 1.174E-01 0.000E+00
5.012E+02 1.531E-01 1.531E-01 0.000E+00
6.310E+02 2.104E-01 2.104E-01 0.000E+00
7.943E+02 2.965E-01 2.965E-01 0.000E+00
1.000E+03 4.227E-01 4.227E-01 0.000E+00
1.259E+03 6.060E-01 6.060E-01 0.000E+00
1.585E+03 0.000E+00 0.000E+00 0.000E+00
1.995E+03 0.000E+00 0.000E+00 0.000E+00
2.512E+03 0.000E+00 0.000E+00 0.000E+00
3.162E+03 0.000E+00 0.000E+00 0.000E+00
3.981E+03 0.000E+00 0.000E+00 0.000E+00
5.012E+03 0.000E+00 0.000E+00 0.000E+00
6.310E+03 0.000E+00 0.000E+00 0.000E+00
7.943E+03 0.000E+00 0.000E+00 0.000E+00
1.000E+04 0.000E+00 0.000E+00 0.000E+00
1.259E+04 0.000E+00 0.000E+00 0.000E+00
1.585E+04 0.000E+00 0.000E+00 0.000E+00
1.995E+04 0.000E+00 0.000E+00 0.000E+00
2.512E+04 0.000E+00 0.000E+00 0.000E+00
3.162E+04 0.000E+00 0.000E+00 0.000E+00
3.981E+04 0.000E+00 0.000E+00 0.000E+00
5.012E+04 0.000E+00 0.000E+00 0.000E+00
 
Gra06
3.000E-02= radius (micron)
  T_rad    <Qem>/a   <Qabs>/a  dummy  (micron-1)
1.000E+01 7.211E-04 7.211E-04 0.000E+00
1.259E+01 1.151E-03 1.151E-03 0.000E+00
1.585E+01 1.851E-03 1.851E-03 0.000E+00
1.995E+01 3.036E-03 3.036E-03 0.000E+00
2.512E+01 5.183E-03 5.183E-03 0.000E+00
3.162E+01 9.347E-03 9.347E-03 0.000E+00
3.981E+01 1.748E-02 1.748E-02 0.000E+00
5.012E+01 3.176E-02 3.176E-02 0.000E+00
6.310E+01 5.213E-02 5.213E-02 0.000E+00
7.943E+01 7.416E-02 7.416E-02 0.000E+00
1.000E+02 9.103E-02 9.103E-02 0.000E+00
1.259E+02 9.844E-02 9.844E-02 0.000E+00
1.585E+02 9.750E-02 9.750E-02 0.000E+00
1.995E+02 9.334E-02 9.334E-02 0.000E+00
2.512E+02 9.216E-02 9.216E-02 0.000E+00
3.162E+02 9.930E-02 9.930E-02 0.000E+00
3.981E+02 1.192E-01 1.192E-01 0.000E+00
5.012E+02 1.560E-01 1.560E-01 0.000E+00
6.310E+02 2.154E-01 2.154E-01 0.000E+00
7.943E+02 3.051E-01 3.051E-01 0.000E+00
1.000E+03 4.374E-01 4.374E-01 0.000E+00
1.259E+03 6.311E-01 6.311E-01 0.000E+00
1.585E+03 0.000E+00 0.000E+00 0.000E+00
1.995E+03 0.000E+00 0.000E+00 0.000E+00
2.512E+03 0.000E+00 0.000E+00 0.000E+00
3.162E+03 0.000E+00 0.000E+00 0.000E+00
3.981E+03 0.000E+00 0.000E+00 0.000E+00
5.012E+03 0.000E+00 0.000E+00 0.000E+00
6.310E+03 0.000E+00 0.000E+00 0.000E+00
7.943E+03 0.000E+00 0.000E+00 0.000E+00
1.000E+04 0.000E+00 0.000E+00 0.000E+00
1.259E+04 0.000E+00 0.000E+00 0.000E+00
1.585E+04 0.000E+00 0.000E+00 0.000E+00
1.995E+04 0.000E+00 0.000E+00 0.000E+00
2.512E+04 0.000E+00 0.000E+00 0.000E+00
3.162E+04 0.000E+00 0.000E+00 0.000E+00
3.981E+04 0.000E+00 0.000E+00 0.000E+00
5.012E+04 0.000E+00 0.000E+00 0.000E+00
 
Gra06
5.000E-02= radius (micron)
  T_rad    <Qem>/a   <Qabs>/a  dummy  (micron-1)
1.000E+01 7.131E-04 7.131E-04 0.000E+00
1.259E+01 1.155E-03 1.155E-03 0.000E+00
1.585E+01 1.876E-03 1.876E-03 0.000E+00
1.995E+01 3.091E-03 3.091E-03 0.000E+00
2.512E+01 5.271E-03 5.271E-03 0.000E+00
3.162E+01 9.478E-03 9.478E-03 0.000E+00
3.981E+01 1.768E-02 1.768E-02 0.000E+00
5.012E+01 3.206E-02 3.206E-02 0.000E+00
6.310E+01 5.258E-02 5.258E-02 0.000E+00
7.943E+01 7.478E-02 7.478E-02 0.000E+00
1.000E+02 9.181E-02 9.181E-02 0.000E+00
1.259E+02 9.940E-02 9.940E-02 0.000E+00
1.585E+02 9.866E-02 9.866E-02 0.000E+00
1.995E+02 9.480E-02 9.480E-02 0.000E+00
2.512E+02 9.413E-02 9.413E-02 0.000E+00
3.162E+02 1.022E-01 1.022E-01 0.000E+00
3.981E+02 1.237E-01 1.237E-01 0.000E+00
5.012E+02 1.636E-01 1.636E-01 0.000E+00
6.310E+02 2.282E-01 2.282E-01 0.000E+00
7.943E+02 3.274E-01 3.274E-01 0.000E+00
1.000E+03 4.765E-01 4.765E-01 0.000E+00
1.259E+03 7.010E-01 7.010E-01 0.000E+00
1.585E+03 0.000E+00 0.000E+00 0.000E+00
1.995E+03 0.000E+00 0.000E+00 0.000E+00
2.512E+03 0.000E+00 0.000E+00 0.000E+00
3.162E+03 0.000E+00 0.000E+00 0.000E+00
3.981E+03 0.000E+00 0.000E+00 0.000E+00
5.012E+03 0.000E+00 0.000E+00 0.000E+00
6.310E+03 0.000E+00 0.000E+00 0.000E+00
7.943E+03 0.000E+00 0.000E+00 0.000E+00
1.000E+04 0.000E+00 0.000E+00 0.000E+00
1.259E+04 0.000E+00 0.000E+00 0.000E+00
1.585E+04 0.000E+00 0.000E+00 0.000E+00
1.995E+04 0.000E+00 0.000E+00 0.000E+00
2.512E+04 0.000E+00 0.000E+00 0.000E+00
3.162E+04 0.000E+00 0.000E+00 0.000E+00
3.981E+04 0.000E+00 0.000E+00 0.000E+00
5.012E+04 0.000E+00 0.000E+00 0.000E+00
 
Gra06
7.000E-02= radius (micron)
  T_rad    <Qem>/a   <Qabs>/a  dummy  (micron-1)
1.000E+01 7.069E-04 7.069E-04 0.000E+00
1.259E+01 1.153E-03 1.153E-03 0.000E+00
1.585E+01 1.887E-03 1.887E-03 0.000E+00
1.995E+01 3.119E-03 3.119E-03 0.000E+00
2.512E+01 5.321E-03 5.321E-03 0.000E+00
3.162E+01 9.556E-03 9.556E-03 0.000E+00
3.981E+01 1.779E-02 1.779E-02 0.000E+00
5.012E+01 3.224E-02 3.224E-02 0.000E+00
6.310E+01 5.282E-02 5.282E-02 0.000E+00
7.943E+01 7.512E-02 7.512E-02 0.000E+00
1.000E+02 9.229E-02 9.229E-02 0.000E+00
1.259E+02 1.001E-01 1.001E-01 0.000E+00
1.585E+02 9.963E-02 9.963E-02 0.000E+00
1.995E+02 9.628E-02 9.628E-02 0.000E+00
2.512E+02 9.646E-02 9.646E-02 0.000E+00
3.162E+02 1.060E-01 1.060E-01 0.000E+00
3.981E+02 1.300E-01 1.300E-01 0.000E+00
5.012E+02 1.742E-01 1.742E-01 0.000E+00
6.310E+02 2.466E-01 2.466E-01 0.000E+00
7.943E+02 3.596E-01 3.596E-01 0.000E+00
1.000E+03 5.343E-01 5.343E-01 0.000E+00
1.259E+03 8.061E-01 8.061E-01 0.000E+00
1.585E+03 0.000E+00 0.000E+00 0.000E+00
1.995E+03 0.000E+00 0.000E+00 0.000E+00
2.512E+03 0.000E+00 0.000E+00 0.000E+00
3.162E+03 0.000E+00 0.000E+00 0.000E+00
3.981E+03 0.000E+00 0.000E+00 0.000E+00
5.012E+03 0.000E+00 0.000E+00 0.000E+00
6.310E+03 0.000E+00 0.000E+00 0.000E+00
7.943E+03 0.000E+00 0.000E+00 0.000E+00
1.000E+04 0.000E+00 0.000E+00 0.000E+00
1.259E+04 0.000E+00 0.000E+00 0.000E+00
1.585E+04 0.000E+00 0.000E+00 0.000E+00
1.995E+04 0.000E+00 0.000E+00 0.000E+00
2.512E+04 0.000E+00 0.000E+00 0.000E+00
3.162E+04 0.000E+00 0.000E+00 0.000E+00
3.981E+04 0.000E+00 0.000E+00 0.000E+00
5.012E+04 0.000E+00 0.000E+00 0.000E+00
 
Gra06
1.000E-01= radius (micron)
  T_rad    <Qem>/a   <Qabs>/a  dummy  (micron-1)
1.000E+01 7.046E-04 7.046E-04 0.000E+00
1.259E+01 1.155E-03 1.155E-03 0.000E+00
1.585E+01 1.902E-03 1.902E-03 0.000E+00
1.995E+01 3.156E-03 3.156E-03 0.000E+00
2.512E+01 5.393E-03 5.393E-03 0.000E+00
3.162E+01 9.681E-03 9.681E-03 0.000E+00
3.981E+01 1.800E-02 1.800E-02 0.000E+00
5.012E+01 3.257E-02 3.257E-02 0.000E+00
6.310E+01 5.333E-02 5.333E-02 0.000E+00
7.943E+01 7.584E-02 7.584E-02 0.000E+00
1.000E+02 9.329E-02 9.329E-02 0.000E+00
1.259E+02 1.015E-01 1.015E-01 0.000E+00
1.585E+02 1.017E-01 1.017E-01 0.000E+00
1.995E+02 9.942E-02 9.942E-02 0.000E+00
2.512E+02 1.014E-01 1.014E-01 0.000E+00
3.162E+02 1.141E-01 1.141E-01 0.000E+00
3.981E+02 1.436E-01 1.436E-01 0.000E+00
5.012E+02 1.975E-01 1.975E-01 0.000E+00
6.310E+02 2.872E-01 2.872E-01 0.000E+00
7.943E+02 4.317E-01 4.317E-01 0.000E+00
1.000E+03 6.639E-01 6.639E-01 0.000E+00
1.259E+03 1.038E+00 1.038E+00 0.000E+00
1.585E+03 0.000E+00 0.000E+00 0.000E+00
1.995E+03 0.000E+00 0.000E+00 0.000E+00
2.512E+03 0.000E+00 0.000E+00 0.000E+00
3.162E+03 0.000E+00 0.000E+00 0.000E+00
3.981E+03 0.000E+00 0.000E+00 0.000E+00
5.012E+03 0.000E+00 0.000E+00 0.000E+00
6.310E+03 0.000E+00 0.000E+00 0.000E+00
7.943E+03 0.000E+00 0.000E+00 0.000E+00
1.000E+04 0.000E+00 0.000E+00 0.000E+00
1.259E+04 0.000E+00 0.000E+00 0.000E+00
1.585E+04 0.000E+00 0.000E+00 0.000E+00
1.995E+04 0.000E+00 0.000E+00 0.000E+00
2.512E+04 0.000E+00 0.000E+00 0.000E+00
3.162E+04 0.000E+00 0.000E+00 0.000E+00
3.981E+04 0.000E+00 0.000E+00 0.000E+00
5.012E+04 0.000E+00 0.000E+00 0.000E+00
 
Gra06
1.500E-01= radius (micron)
  T_rad    <Qem>/a   <Qabs>/a  dummy  (micron-1)
1.000E+01 7.080E-04 7.080E-04 0.000E+00
1.259E+01 1.162E-03 1.162E-03 0.000E+00
1.585E+01 1.923E-03 1.923E-03 0.000E+00
1.995E+01 3.208E-03 3.208E-03 0.000E+00
2.512E+01 5.504E-03 5.504E-03 0.000E+00
3.162E+01 9.902E-03 9.902E-03 0.000E+00
3.981E+01 1.840E-02 1.840E-02 0.000E+00
5.012E+01 3.322E-02 3.322E-02 0.000E+00
6.310E+01 5.431E-02 5.431E-02 0.000E+00
7.943E+01 7.725E-02 7.725E-02 0.000E+00
1.000E+02 9.532E-02 9.532E-02 0.000E+00
1.259E+02 1.045E-01 1.045E-01 0.000E+00
1.585E+02 1.062E-01 1.062E-01 0.000E+00
1.995E+02 1.066E-01 1.066E-01 0.000E+00
2.512E+02 1.132E-01 1.132E-01 0.000E+00
3.162E+02 1.337E-01 1.337E-01 0.000E+00
3.981E+02 1.770E-01 1.770E-01 0.000E+00
5.012E+02 2.553E-01 2.553E-01 0.000E+00
6.310E+02 3.884E-01 3.884E-01 0.000E+00
7.943E+02 6.084E-01 6.084E-01 0.000E+00
1.000E+03 9.626E-01 9.626E-01 0.000E+00
1.259E+03 1.506E+00 1.506E+00 0.000E+00
1.585E+03 0.000E+00 0.000E+00 0.000E+00
1.995E+03 0.000E+00 0.000E+00 0.000E+00
2.512E+03 0.000E+00 0.000E+00 0.000E+00
3.162E+03 0.000E+00 0.000E+00 0.000E+00
3.981E+03 0.000E+00 0.000E+00 0.000E+00
5.012E+03 0.000E+00 0.000E+00 0.000E+00
6.310E+03 0.000E+00 0.000E+00 0.000E+00
7.943E+03 0.000E+00 0.000E+00 0.000E+00
1.000E+04 0.000E+00 0.000E+00 0.000E+00
1.259E+04 0.000E+00 0.000E+00 0.000E+00
1.585E+04 0.000E+00 0.000E+00 0.000E+00
1.995E+04 0.000E+00 0.000E+00 0.000E+00
2.512E+04 0.000E+00 0.000E+00 0.000E+00
3.162E+04 0.000E+00 0.000E+00 0.000E+00
3.981E+04 0.000E+00 0.000E+00 0.000E+00
5.012E+04 0.000E+00 0.000E+00 0.000E+00
 
Gra06
2.000E-01= radius (micron)
  T_rad    <Qem>/a   <Qabs>/a  dummy  (micron-1)
1.000E+01 7.199E-04 7.199E-04 0.000E+00
1.259E+01 1.179E-03 1.179E-03 0.000E+00
1.585E+01 1.955E-03 1.955E-03 0.000E+00
1.995E+01 3.279E-03 3.279E-03 0.000E+00
2.512E+01 5.663E-03 5.663E-03 0.000E+00
3.162E+01 1.023E-02 1.023E-02 0.000E+00
3.981E+01 1.902E-02 1.902E-02 0.000E+00
5.012E+01 3.426E-02 3.426E-02 0.000E+00
6.310E+01 5.590E-02 5.590E-02 0.000E+00
7.943E+01 7.954E-02 7.954E-02 0.000E+00
1.000E+02 9.853E-02 9.853E-02 0.000E+00
1.259E+02 1.090E-01 1.090E-01 0.000E+00
1.585E+02 1.131E-01 1.131E-01 0.000E+00
1.995E+02 1.172E-01 1.172E-01 0.000E+00
2.512E+02 1.304E-01 1.304E-01 0.000E+00
3.162E+02 1.623E-01 1.623E-01 0.000E+00
3.981E+02 2.253E-01 2.253E-01 0.000E+00
5.012E+02 3.372E-01 3.372E-01 0.000E+00
6.310E+02 5.241E-01 5.241E-01 0.000E+00
7.943E+02 8.204E-01 8.204E-01 0.000E+00
1.000E+03 1.259E+00 1.259E+00 0.000E+00
1.259E+03 1.851E+00 1.851E+00 0.000E+00
1.585E+03 0.000E+00 0.000E+00 0.000E+00
1.995E+03 0.000E+00 0.000E+00 0.000E+00
2.512E+03 0.000E+00 0.000E+00 0.000E+00
3.162E+03 0.000E+00 0.000E+00 0.000E+00
3.981E+03 0.000E+00 0.000E+00 0.000E+00
5.012E+03 0.000E+00 0.000E+00 0.000E+00
6.310E+03 0.000E+00 0.000E+00 0.000E+00
7.943E+03 0.000E+00 0.000E+00 0.000E+00
1.000E+04 0.000E+00 0.000E+00 0.000E+00
1.259E+04 0.000E+00 0.000E+00 0.000E+00
1.585E+04 0.000E+00 0.000E+00 0.000E+00
1.995E+04 0.000E+00 0.000E+00 0.000E+00
2.512E+04 0.000E+00 0.000E+00 0.000E+00
3.162E+04 0.000E+00 0.000E+00 0.000E+00
3.981E+04 0.000E+00 0.000E+00 0.000E+00
5.012E+04 0.000E+00 0.000E+00 0.000E+00
 
Gra06
3.000E-01= radius (micron)
  T_rad    <Qem>/a   <Qabs>/a  dummy  (micron-1)
1.000E+01 7.474E-04 7.474E-04 0.000E+00
1.259E+01 1.214E-03 1.214E-03 0.000E+00
1.585E+01 2.021E-03 2.021E-03 0.000E+00
1.995E+01 3.439E-03 3.439E-03 0.000E+00
2.512E+01 6.049E-03 6.049E-03 0.000E+00
3.162E+01 1.107E-02 1.107E-02 0.000E+00
3.981E+01 2.060E-02 2.060E-02 0.000E+00
5.012E+01 3.690E-02 3.690E-02 0.000E+00
6.310E+01 5.987E-02 5.987E-02 0.000E+00
7.943E+01 8.522E-02 8.522E-02 0.000E+00
1.000E+02 1.065E-01 1.065E-01 0.000E+00
1.259E+02 1.207E-01 1.207E-01 0.000E+00
1.585E+02 1.307E-01 1.307E-01 0.000E+00
1.995E+02 1.450E-01 1.450E-01 0.000E+00
2.512E+02 1.752E-01 1.752E-01 0.000E+00
3.162E+02 2.348E-01 2.348E-01 0.000E+00
3.981E+02 3.399E-01 3.399E-01 0.000E+00
5.012E+02 5.090E-01 5.090E-01 0.000E+00
6.310E+02 7.594E-01 7.594E-01 0.000E+00
7.943E+02 1.097E+00 1.097E+00 0.000E+00
1.000E+03 1.506E+00 1.506E+00 0.000E+00
1.259E+03 1.943E+00 1.943E+00 0.000E+00
1.585E+03 0.000E+00 0.000E+00 0.000E+00
1.995E+03 0.000E+00 0.000E+00 0.000E+00
2.512E+03 0.000E+00 0.000E+00 0.000E+00
3.162E+03 0.000E+00 0.000E+00 0.000E+00
3.981E+03 0.000E+00 0.000E+00 0.000E+00
5.012E+03 0.000E+00 0.000E+00 0.000E+00
6.310E+03 0.000E+00 0.000E+00 0.000E+00
7.943E+03 0.000E+00 0.000E+00 0.000E+00
1.000E+04 0.000E+00 0.000E+00 0.000E+00
1.259E+04 0.000E+00 0.000E+00 0.000E+00
1.585E+04 0.000E+00 0.000E+00 0.000E+00
1.995E+04 0.000E+00 0.000E+00 0.000E+00
2.512E+04 0.000E+00 0.000E+00 0.000E+00
3.162E+04 0.000E+00 0.000E+00 0.000E+00
3.981E+04 0.000E+00 0.000E+00 0.000E+00
5.012E+04 0.000E+00 0.000E+00 0.000E+00
 
Gra06
5.000E-01= radius (micron)
  T_rad    <Qem>/a   <Qabs>/a  dummy  (micron-1)
1.000E+01 8.195E-04 8.195E-04 0.000E+00
1.259E+01 1.313E-03 1.313E-03 0.000E+00
1.585E+01 2.223E-03 2.223E-03 0.000E+00
1.995E+01 3.955E-03 3.955E-03 0.000E+00
2.512E+01 7.332E-03 7.332E-03 0.000E+00
3.162E+01 1.383E-02 1.383E-02 0.000E+00
3.981E+01 2.567E-02 2.567E-02 0.000E+00
5.012E+01 4.498E-02 4.498E-02 0.000E+00
6.310E+01 7.157E-02 7.157E-02 0.000E+00
7.943E+01 1.012E-01 1.012E-01 0.000E+00
1.000E+02 1.283E-01 1.283E-01 0.000E+00
1.259E+02 1.510E-01 1.510E-01 0.000E+00
1.585E+02 1.741E-01 1.741E-01 0.000E+00
1.995E+02 2.077E-01 2.077E-01 0.000E+00
2.512E+02 2.634E-01 2.634E-01 0.000E+00
3.162E+02 3.522E-01 3.522E-01 0.000E+00
3.981E+02 4.825E-01 4.825E-01 0.000E+00
5.012E+02 6.558E-01 6.558E-01 0.000E+00
6.310E+02 8.612E-01 8.612E-01 0.000E+00
7.943E+02 1.076E+00 1.076E+00 0.000E+00
1.000E+03 1.278E+00 1.278E+00 0.000E+00
1.259E+03 1.454E+00 1.454E+00 0.000E+00
1.585E+03 0.000E+00 0.000E+00 0.000E+00
1.995E+03 0.000E+00 0.000E+00 0.000E+00
2.512E+03 0.000E+00 0.000E+00 0.000E+00
3.162E+03 0.000E+00 0.000E+00 0.000E+00
3.981E+03 0.000E+00 0.000E+00 0.000E+00
5.012E+03 0.000E+00 0.000E+00 0.000E+00
6.310E+03 0.000E+00 0.000E+00 0.000E+00
7.943E+03 0.000E+00 0.000E+00 0.000E+00
1.000E+04 0.000E+00 0.000E+00 0.000E+00
1.259E+04 0.000E+00 0.000E+00 0.000E+00
1.585E+04 0.000E+00 0.000E+00 0.000E+00
1.995E+04 0.000E+00 0.000E+00 0.000E+00
2.512E+04 0.000E+00 0.000E+00 0.000E+00
3.162E+04 0.000E+00 0.000E+00 0.000E+00
3.981E+04 0.000E+00 0.000E+00 0.000E+00
5.012E+04 0.000E+00 0.000E+00 0.000E+00
 
Gra06
7.000E-01= radius (micron)
  T_rad    <Qem>/a   <Qabs>/a  dummy  (micron-1)
1.000E+01 8.974E-04 8.974E-04 0.000E+00
1.259E+01 1.434E-03 1.434E-03 0.000E+00
1.585E+01 2.510E-03 2.510E-03 0.000E+00
1.995E+01 4.750E-03 4.750E-03 0.000E+00
2.512E+01 9.287E-03 9.287E-03 0.000E+00
3.162E+01 1.780E-02 1.780E-02 0.000E+00
3.981E+01 3.236E-02 3.236E-02 0.000E+00
5.012E+01 5.469E-02 5.469E-02 0.000E+00
6.310E+01 8.426E-02 8.426E-02 0.000E+00
7.943E+01 1.170E-01 1.170E-01 0.000E+00
1.000E+02 1.476E-01 1.476E-01 0.000E+00
1.259E+02 1.747E-01 1.747E-01 0.000E+00
1.585E+02 2.029E-01 2.029E-01 0.000E+00
1.995E+02 2.409E-01 2.409E-01 0.000E+00
2.512E+02 2.986E-01 2.986E-01 0.000E+00
3.162E+02 3.828E-01 3.828E-01 0.000E+00
3.981E+02 4.941E-01 4.941E-01 0.000E+00
5.012E+02 6.232E-01 6.232E-01 0.000E+00
6.310E+02 7.546E-01 7.546E-01 0.000E+00
7.943E+02 8.751E-01 8.751E-01 0.000E+00
1.000E+03 9.793E-01 9.793E-01 0.000E+00
1.259E+03 1.069E+00 1.069E+00 0.000E+00
1.585E+03 0.000E+00 0.000E+00 0.000E+00
1.995E+03 0.000E+00 0.000E+00 0.000E+00
2.512E+03 0.000E+00 0.000E+00 0.000E+00
3.162E+03 0.000E+00 0.000E+00 0.000E+00
3.981E+03 0.000E+00 0.000E+00 0.000E+00
5.012E+03 0.000E+00 0.000E+00 0.000E+00
6.310E+03 0.000E+00 0.000E+00 0.000E+00
7.943E+03 0.000E+00 0.000E+00 0.000E+00
1.000E+04 0.000E+00 0.000E+00 0.000E+00
1.259E+04 0.000E+00 0.000E+00 0.000E+00
1.585E+04 0.000E+00 0.000E+00 0.000E+00
1.995E+04 0.000E+00 0.000E+00 0.000E+00
2.512E+04 0.000E+00 0.000E+00 0.000E+00
3.162E+04 0.000E+00 0.000E+00 0.000E+00
3.981E+04 0.000E+00 0.000E+00 0.000E+00
5.012E+04 0.000E+00 0.000E+00 0.000E+00
 
Gra06
1.000E+00= radius (micron)
  T_rad    <Qem>/a   <Qabs>/a  dummy  (micron-1)
1.000E+01 1.019E-03 1.019E-03 0.000E+00
1.259E+01 1.663E-03 1.663E-03 0.000E+00
1.585E+01 3.146E-03 3.146E-03 0.000E+00
1.995E+01 6.507E-03 6.507E-03 0.000E+00
2.512E+01 1.323E-02 1.323E-02 0.000E+00
3.162E+01 2.478E-02 2.478E-02 0.000E+00
3.981E+01 4.239E-02 4.239E-02 0.000E+00
5.012E+01 6.693E-02 6.693E-02 0.000E+00
6.310E+01 9.759E-02 9.759E-02 0.000E+00
7.943E+01 1.306E-01 1.306E-01 0.000E+00
1.000E+02 1.610E-01 1.610E-01 0.000E+00
1.259E+02 1.874E-01 1.874E-01 0.000E+00
1.585E+02 2.142E-01 2.142E-01 0.000E+00
1.995E+02 2.493E-01 2.493E-01 0.000E+00
2.512E+02 2.992E-01 2.992E-01 0.000E+00
3.162E+02 3.647E-01 3.647E-01 0.000E+00
3.981E+02 4.396E-01 4.396E-01 0.000E+00
5.012E+02 5.146E-01 5.146E-01 0.000E+00
6.310E+02 5.830E-01 5.830E-01 0.000E+00
7.943E+02 6.430E-01 6.430E-01 0.000E+00
1.000E+03 6.954E-01 6.954E-01 0.000E+00
1.259E+03 7.424E-01 7.424E-01 0.000E+00
1.585E+03 0.000E+00 0.000E+00 0.000E+00
1.995E+03 0.000E+00 0.000E+00 0.000E+00
2.512E+03 0.000E+00 0.000E+00 0.000E+00
3.162E+03 0.000E+00 0.000E+00 0.000E+00
3.981E+03 0.000E+00 0.000E+00 0.000E+00
5.012E+03 0.000E+00 0.000E+00 0.000E+00
6.310E+03 0.000E+00 0.000E+00 0.000E+00
7.943E+03 0.000E+00 0.000E+00 0.000E+00
1.000E+04 0.000E+00 0.000E+00 0.000E+00
1.259E+04 0.000E+00 0.000E+00 0.000E+00
1.585E+04 0.000E+00 0.000E+00 0.000E+00
1.995E+04 0.000E+00 0.000E+00 0.000E+00
2.512E+04 0.000E+00 0.000E+00 0.000E+00
3.162E+04 0.000E+00 0.000E+00 0.000E+00
3.981E+04 0.000E+00 0.000E+00 0.000E+00
5.012E+04 0.000E+00 0.000E+00 0.000E+00
 
Gra06
1.500E+00= radius (micron)
  T_rad    <Qem>/a   <Qabs>/a  dummy  (micron-1)
1.000E+01 1.212E-03 1.212E-03 0.000E+00
1.259E+01 2.153E-03 2.153E-03 0.000E+00
1.585E+01 4.590E-03 4.590E-03 0.000E+00
1.995E+01 9.967E-03 9.967E-03 0.000E+00
2.512E+01 1.939E-02 1.939E-02 0.000E+00
3.162E+01 3.303E-02 3.303E-02 0.000E+00
3.981E+01 5.099E-02 5.099E-02 0.000E+00
5.012E+01 7.411E-02 7.411E-02 0.000E+00
6.310E+01 1.023E-01 1.023E-01 0.000E+00
7.943E+01 1.327E-01 1.327E-01 0.000E+00
1.000E+02 1.606E-01 1.606E-01 0.000E+00
1.259E+02 1.849E-01 1.849E-01 0.000E+00
1.585E+02 2.086E-01 2.086E-01 0.000E+00
1.995E+02 2.360E-01 2.360E-01 0.000E+00
2.512E+02 2.686E-01 2.686E-01 0.000E+00
3.162E+02 3.043E-01 3.043E-01 0.000E+00
3.981E+02 3.399E-01 3.399E-01 0.000E+00
5.012E+02 3.734E-01 3.734E-01 0.000E+00
6.310E+02 4.042E-01 4.042E-01 0.000E+00
7.943E+02 4.322E-01 4.322E-01 0.000E+00
1.000E+03 4.579E-01 4.579E-01 0.000E+00
1.259E+03 4.819E-01 4.819E-01 0.000E+00
1.585E+03 0.000E+00 0.000E+00 0.000E+00
1.995E+03 0.000E+00 0.000E+00 0.000E+00
2.512E+03 0.000E+00 0.000E+00 0.000E+00
3.162E+03 0.000E+00 0.000E+00 0.000E+00
3.981E+03 0.000E+00 0.000E+00 0.000E+00
5.012E+03 0.000E+00 0.000E+00 0.000E+00
6.310E+03 0.000E+00 0.000E+00 0.000E+00
7.943E+03 0.000E+00 0.000E+00 0.000E+00
1.000E+04 0.000E+00 0.000E+00 0.000E+00
1.259E+04 0.000E+00 0.000E+00 0.000E+00
1.585E+04 0.000E+00 0.000E+00 0.000E+00
1.995E+04 0.000E+00 0.000E+00 0.000E+00
2.512E+04 0.000E+00 0.000E+00 0.000E+00
3.162E+04 0.000E+00 0.000E+00 0.000E+00
3.981E+04 0.000E+00 0.000E+00 0.000E+00
5.012E+04 0.000E+00 0.000E+00 0.000E+00
 
Gra06
2.000E+00= radius (micron)
  T_rad    <Qem>/a   <Qabs>/a  dummy  (micron-1)
1.000E+01 1.396E-03 1.396E-03 0.000E+00
1.259E+01 2.693E-03 2.693E-03 0.000E+00
1.585E+01 5.973E-03 5.973E-03 0.000E+00
1.995E+01 1.249E-02 1.249E-02 0.000E+00
2.512E+01 2.256E-02 2.256E-02 0.000E+00
3.162E+01 3.568E-02 3.568E-02 0.000E+00
3.981E+01 5.213E-02 5.213E-02 0.000E+00
5.012E+01 7.353E-02 7.353E-02 0.000E+00
6.310E+01 1.004E-01 1.004E-01 0.000E+00
7.943E+01 1.299E-01 1.299E-01 0.000E+00
1.000E+02 1.573E-01 1.573E-01 0.000E+00
1.259E+02 1.803E-01 1.803E-01 0.000E+00
1.585E+02 2.000E-01 2.000E-01 0.000E+00
1.995E+02 2.184E-01 2.184E-01 0.000E+00
2.512E+02 2.366E-01 2.366E-01 0.000E+00
3.162E+02 2.547E-01 2.547E-01 0.000E+00
3.981E+02 2.726E-01 2.726E-01 0.000E+00
5.012E+02 2.902E-01 2.902E-01 0.000E+00
6.310E+02 3.071E-01 3.071E-01 0.000E+00
7.943E+02 3.233E-01 3.233E-01 0.000E+00
1.000E+03 3.387E-01 3.387E-01 0.000E+00
1.259E+03 3.541E-01 3.541E-01 0.000E+00
1.585E+03 0.000E+00 0.000E+00 0.000E+00
1.995E+03 0.000E+00 0.000E+00 0.000E+00
2.512E+03 0.000E+00 0.000E+00 0.000E+00
3.162E+03 0.000E+00 0.000E+00 0.000E+00
3.981E+03 0.000E+00 0.000E+00 0.000E+00
5.012E+03 0.000E+00 0.000E+00 0.000E+00
6.310E+03 0.000E+00 0.000E+00 0.000E+00
7.943E+03 0.000E+00 0.000E+00 0.000E+00
1.000E+04 0.000E+00 0.000E+00 0.000E+00
1.259E+04 0.000E+00 0.000E+00 0.000E+00
1.585E+04 0.000E+00 0.000E+00 0.000E+00
1.995E+04 0.000E+00 0.000E+00 0.000E+00
2.512E+04 0.000E+00 0.000E+00 0.000E+00
3.162E+04 0.000E+00 0.000E+00 0.000E+00
3.981E+04 0.000E+00 0.000E+00 0.000E+00
5.012E+04 0.000E+00 0.000E+00 0.000E+00
 
Gra06
3.000E+00= radius (micron)
  T_rad    <Qem>/a   <Qabs>/a  dummy  (micron-1)
1.000E+01 1.677E-03 1.677E-03 0.000E+00
1.259E+01 3.406E-03 3.406E-03 0.000E+00
1.585E+01 7.287E-03 7.287E-03 0.000E+00
1.995E+01 1.399E-02 1.399E-02 0.000E+00
2.512E+01 2.324E-02 2.324E-02 0.000E+00
3.162E+01 3.474E-02 3.474E-02 0.000E+00
3.981E+01 4.963E-02 4.963E-02 0.000E+00
5.012E+01 7.004E-02 7.004E-02 0.000E+00
6.310E+01 9.623E-02 9.623E-02 0.000E+00
7.943E+01 1.246E-01 1.246E-01 0.000E+00
1.000E+02 1.497E-01 1.497E-01 0.000E+00
1.259E+02 1.677E-01 1.677E-01 0.000E+00
1.585E+02 1.788E-01 1.788E-01 0.000E+00
1.995E+02 1.850E-01 1.850E-01 0.000E+00
2.512E+02 1.890E-01 1.890E-01 0.000E+00
3.162E+02 1.927E-01 1.927E-01 0.000E+00
3.981E+02 1.970E-01 1.970E-01 0.000E+00
5.012E+02 2.021E-01 2.021E-01 0.000E+00
6.310E+02 2.080E-01 2.080E-01 0.000E+00
7.943E+02 2.146E-01 2.146E-01 0.000E+00
1.000E+03 2.222E-01 2.222E-01 0.000E+00
1.259E+03 2.308E-01 2.308E-01 0.000E+00
1.585E+03 0.000E+00 0.000E+00 0.000E+00
1.995E+03 0.000E+00 0.000E+00 0.000E+00
2.512E+03 0.000E+00 0.000E+00 0.000E+00
3.162E+03 0.000E+00 0.000E+00 0.000E+00
3.981E+03 0.000E+00 0.000E+00 0.000E+00
5.012E+03 0.000E+00 0.000E+00 0.000E+00
6.310E+03 0.000E+00 0.000E+00 0.000E+00
7.943E+03 0.000E+00 0.000E+00 0.000E+00
1.000E+04 0.000E+00 0.000E+00 0.000E+00
1.259E+04 0.000E+00 0.000E+00 0.000E+00
1.585E+04 0.000E+00 0.000E+00 0.000E+00
1.995E+04 0.000E+00 0.000E+00 0.000E+00
2.512E+04 0.000E+00 0.000E+00 0.000E+00
3.162E+04 0.000E+00 0.000E+00 0.000E+00
3.981E+04 0.000E+00 0.000E+00 0.000E+00
5.012E+04 0.000E+00 0.000E+00 0.000E+00
 
Gra06
5.000E+00= radius (micron)
  T_rad    <Qem>/a   <Qabs>/a  dummy  (micron-1)
1.000E+01 2.134E-03 2.134E-03 0.000E+00
1.259E+01 4.072E-03 4.072E-03 0.000E+00
1.585E+01 7.896E-03 7.896E-03 0.000E+00
1.995E+01 1.400E-02 1.400E-02 0.000E+00
2.512E+01 2.227E-02 2.227E-02 0.000E+00
3.162E+01 3.296E-02 3.296E-02 0.000E+00
3.981E+01 4.706E-02 4.706E-02 0.000E+00
5.012E+01 6.523E-02 6.523E-02 0.000E+00
6.310E+01 8.589E-02 8.589E-02 0.000E+00
7.943E+01 1.053E-01 1.053E-01 0.000E+00
1.000E+02 1.198E-01 1.198E-01 0.000E+00
1.259E+02 1.283E-01 1.283E-01 0.000E+00
1.585E+02 1.316E-01 1.316E-01 0.000E+00
1.995E+02 1.317E-01 1.317E-01 0.000E+00
2.512E+02 1.302E-01 1.302E-01 0.000E+00
3.162E+02 1.282E-01 1.282E-01 0.000E+00
3.981E+02 1.265E-01 1.265E-01 0.000E+00
5.012E+02 1.257E-01 1.257E-01 0.000E+00
6.310E+02 1.264E-01 1.264E-01 0.000E+00
7.943E+02 1.285E-01 1.285E-01 0.000E+00
1.000E+03 1.320E-01 1.320E-01 0.000E+00
1.259E+03 1.364E-01 1.364E-01 0.000E+00
1.585E+03 0.000E+00 0.000E+00 0.000E+00
1.995E+03 0.000E+00 0.000E+00 0.000E+00
2.512E+03 0.000E+00 0.000E+00 0.000E+00
3.162E+03 0.000E+00 0.000E+00 0.000E+00
3.981E+03 0.000E+00 0.000E+00 0.000E+00
5.012E+03 0.000E+00 0.000E+00 0.000E+00
6.310E+03 0.000E+00 0.000E+00 0.000E+00
7.943E+03 0.000E+00 0.000E+00 0.000E+00
1.000E+04 0.000E+00 0.000E+00 0.000E+00
1.259E+04 0.000E+00 0.000E+00 0.000E+00
1.585E+04 0.000E+00 0.000E+00 0.000E+00
1.995E+04 0.000E+00 0.000E+00 0.000E+00
2.512E+04 0.000E+00 0.000E+00 0.000E+00
3.162E+04 0.000E+00 0.000E+00 0.000E+00
3.981E+04 0.000E+00 0.000E+00 0.000E+00
5.012E+04 0.000E+00 0.000E+00 0.000E+00
 
Gra06
7.000E+00= radius (micron)
  T_rad    <Qem>/a   <Qabs>/a  dummy  (micron-1)
1.000E+01 2.696E-03 2.696E-03 0.000E+00
1.259E+01 4.759E-03 4.759E-03 0.000E+00
1.585E+01 8.554E-03 8.554E-03 0.000E+00
1.995E+01 1.446E-02 1.446E-02 0.000E+00
2.512E+01 2.245E-02 2.245E-02 0.000E+00
3.162E+01 3.248E-02 3.248E-02 0.000E+00
3.981E+01 4.442E-02 4.442E-02 0.000E+00
5.012E+01 5.754E-02 5.754E-02 0.000E+00
6.310E+01 7.035E-02 7.035E-02 0.000E+00
7.943E+01 8.118E-02 8.118E-02 0.000E+00
1.000E+02 8.904E-02 8.904E-02 0.000E+00
1.259E+02 9.385E-02 9.385E-02 0.000E+00
1.585E+02 9.611E-02 9.611E-02 0.000E+00
1.995E+02 9.638E-02 9.638E-02 0.000E+00
2.512E+02 9.522E-02 9.522E-02 0.000E+00
3.162E+02 9.330E-02 9.330E-02 0.000E+00
3.981E+02 9.146E-02 9.146E-02 0.000E+00
5.012E+02 9.040E-02 9.040E-02 0.000E+00
6.310E+02 9.051E-02 9.051E-02 0.000E+00
7.943E+02 9.181E-02 9.181E-02 0.000E+00
1.000E+03 9.408E-02 9.408E-02 0.000E+00
1.259E+03 9.690E-02 9.690E-02 0.000E+00
1.585E+03 0.000E+00 0.000E+00 0.000E+00
1.995E+03 0.000E+00 0.000E+00 0.000E+00
2.512E+03 0.000E+00 0.000E+00 0.000E+00
3.162E+03 0.000E+00 0.000E+00 0.000E+00
3.981E+03 0.000E+00 0.000E+00 0.000E+00
5.012E+03 0.000E+00 0.000E+00 0.000E+00
6.310E+03 0.000E+00 0.000E+00 0.000E+00
7.943E+03 0.000E+00 0.000E+00 0.000E+00
1.000E+04 0.000E+00 0.000E+00 0.000E+00
1.259E+04 0.000E+00 0.000E+00 0.000E+00
1.585E+04 0.000E+00 0.000E+00 0.000E+00
1.995E+04 0.000E+00 0.000E+00 0.000E+00
2.512E+04 0.000E+00 0.000E+00 0.000E+00
3.162E+04 0.000E+00 0.000E+00 0.000E+00
3.981E+04 0.000E+00 0.000E+00 0.000E+00
5.012E+04 0.000E+00 0.000E+00 0.000E+00
 
Gra06
1.000E+01= radius (micron)
  T_rad    <Qem>/a   <Qabs>/a  dummy  (micron-1)
1.000E+01 3.584E-03 3.584E-03 0.000E+00
1.259E+01 5.789E-03 5.789E-03 0.000E+00
1.585E+01 9.589E-03 9.589E-03 0.000E+00
1.995E+01 1.527E-02 1.527E-02 0.000E+00
2.512E+01 2.250E-02 2.250E-02 0.000E+00
3.162E+01 3.048E-02 3.048E-02 0.000E+00
3.981E+01 3.836E-02 3.836E-02 0.000E+00
5.012E+01 4.552E-02 4.552E-02 0.000E+00
6.310E+01 5.170E-02 5.170E-02 0.000E+00
7.943E+01 5.682E-02 5.682E-02 0.000E+00
1.000E+02 6.088E-02 6.088E-02 0.000E+00
1.259E+02 6.386E-02 6.386E-02 0.000E+00
1.585E+02 6.568E-02 6.568E-02 0.000E+00
1.995E+02 6.629E-02 6.629E-02 0.000E+00
2.512E+02 6.582E-02 6.582E-02 0.000E+00
3.162E+02 6.475E-02 6.475E-02 0.000E+00
3.981E+02 6.370E-02 6.370E-02 0.000E+00
5.012E+02 6.316E-02 6.316E-02 0.000E+00
6.310E+02 6.336E-02 6.336E-02 0.000E+00
7.943E+02 6.430E-02 6.430E-02 0.000E+00
1.000E+03 6.576E-02 6.576E-02 0.000E+00
1.259E+03 6.747E-02 6.747E-02 0.000E+00
1.585E+03 0.000E+00 0.000E+00 0.000E+00
1.995E+03 0.000E+00 0.000E+00 0.000E+00
2.512E+03 0.000E+00 0.000E+00 0.000E+00
3.162E+03 0.000E+00 0.000E+00 0.000E+00
3.981E+03 0.000E+00 0.000E+00 0.000E+00
5.012E+03 0.000E+00 0.000E+00 0.000E+00
6.310E+03 0.000E+00 0.000E+00 0.000E+00
7.943E+03 0.000E+00 0.000E+00 0.000E+00
1.000E+04 0.000E+00 0.000E+00 0.000E+00
1.259E+04 0.000E+00 0.000E+00 0.000E+00
1.585E+04 0.000E+00 0.000E+00 0.000E+00
1.995E+04 0.000E+00 0.000E+00 0.000E+00
2.512E+04 0.000E+00 0.000E+00 0.000E+00
3.162E+04 0.000E+00 0.000E+00 0.000E+00
3.981E+04 0.000E+00 0.000E+00 0.000E+00
5.012E+04 0.000E+00 0.000E+00 0.000E+00
