PAH not charged
Planck-averaged Q_em, Q_abs, Qpr/a
for compatibility four rows,Qpr not calc.
Emissivity <Qem> is computed only for T<1500K
Computed by Jg Fischera
Planck-averaged Q_em for T_d=T_rad
Planck-averaged Q_abs and Q_pr for T_d= 25.00K
41 temperature bins
30 grain sizes:
0.000354813
0.000398107
0.000446684
0.000501187
0.000562341
0.000630957
0.000707946
0.000794328
0.000891251
0.00100000
0.00112202
0.00125893
0.00141254
0.00158489
0.00177828
0.00199526
0.00223872
0.00251189
0.00281838
0.00316228
0.00354813
0.00398107
0.00446684
0.00501187
0.00562341
0.00630957
0.00707946
0.00794328
0.00891251
0.01000000

PAH
3.548E-04= radius (micron)
T_rad    <Qem>/a   <Qabs>/a  <Qpr>/a (micron-1)
5.012E+00 1.115E-05 1.115E-05 0.000E+00
6.310E+00 1.739E-05 1.739E-05 0.000E+00
7.943E+00 2.696E-05 2.696E-05 0.000E+00
1.000E+01 4.142E-05 4.142E-05 0.000E+00
1.259E+01 6.287E-05 6.287E-05 0.000E+00
1.585E+01 9.408E-05 9.408E-05 0.000E+00
1.995E+01 1.386E-04 1.386E-04 0.000E+00
2.512E+01 2.013E-04 2.013E-04 0.000E+00
3.162E+01 2.893E-04 2.893E-04 0.000E+00
3.981E+01 4.156E-04 4.156E-04 0.000E+00
5.012E+01 6.056E-04 6.056E-04 0.000E+00
6.310E+01 9.149E-04 9.149E-04 0.000E+00
7.943E+01 1.471E-03 1.471E-03 0.000E+00
1.000E+02 2.565E-03 2.565E-03 0.000E+00
1.259E+02 4.700E-03 4.700E-03 0.000E+00
1.585E+02 8.280E-03 8.280E-03 0.000E+00
1.995E+02 1.299E-02 1.299E-02 0.000E+00
2.512E+02 1.766E-02 1.766E-02 0.000E+00
3.162E+02 2.098E-02 2.098E-02 0.000E+00
3.981E+02 2.225E-02 2.225E-02 0.000E+00
5.012E+02 2.194E-02 2.194E-02 0.000E+00
6.310E+02 2.108E-02 2.108E-02 0.000E+00
7.943E+02 2.020E-02 2.020E-02 0.000E+00
1.000E+03 1.921E-02 1.921E-02 0.000E+00
1.259E+03 1.814E-02 1.814E-02 0.000E+00
1.585E+03 1.767E-02 1.767E-02 0.000E+00
1.995E+03 0.000E+00 1.941E-02 0.000E+00
2.512E+03 0.000E+00 3.471E-02 0.000E+00
3.162E+03 0.000E+00 1.425E-01 0.000E+00
3.981E+03 0.000E+00 6.866E-01 0.000E+00
5.012E+03 0.000E+00 2.612E+00 0.000E+00
6.310E+03 0.000E+00 7.563E+00 0.000E+00
7.943E+03 0.000E+00 1.701E+01 0.000E+00
1.000E+04 0.000E+00 3.056E+01 0.000E+00
1.259E+04 0.000E+00 4.602E+01 0.000E+00
1.585E+04 0.000E+00 6.255E+01 0.000E+00
1.995E+04 0.000E+00 8.348E+01 0.000E+00
2.512E+04 0.000E+00 1.131E+02 0.000E+00
3.162E+04 0.000E+00 1.488E+02 0.000E+00
3.981E+04 0.000E+00 1.788E+02 0.000E+00
5.012E+04 0.000E+00 1.909E+02 0.000E+00

PAH
3.981E-04= radius (micron)
T_rad    <Qem>/a   <Qabs>/a  <Qpr>/a (micron-1)
5.012E+00 1.069E-05 1.069E-05 0.000E+00
6.310E+00 1.672E-05 1.672E-05 0.000E+00
7.943E+00 2.600E-05 2.600E-05 0.000E+00
1.000E+01 4.012E-05 4.012E-05 0.000E+00
1.259E+01 6.128E-05 6.128E-05 0.000E+00
1.585E+01 9.238E-05 9.238E-05 0.000E+00
1.995E+01 1.372E-04 1.372E-04 0.000E+00
2.512E+01 2.010E-04 2.010E-04 0.000E+00
3.162E+01 2.913E-04 2.913E-04 0.000E+00
3.981E+01 4.211E-04 4.211E-04 0.000E+00
5.012E+01 6.159E-04 6.159E-04 0.000E+00
6.310E+01 9.310E-04 9.310E-04 0.000E+00
7.943E+01 1.491E-03 1.491E-03 0.000E+00
1.000E+02 2.570E-03 2.570E-03 0.000E+00
1.259E+02 4.626E-03 4.626E-03 0.000E+00
1.585E+02 8.008E-03 8.008E-03 0.000E+00
1.995E+02 1.242E-02 1.242E-02 0.000E+00
2.512E+02 1.684E-02 1.684E-02 0.000E+00
3.162E+02 2.005E-02 2.005E-02 0.000E+00
3.981E+02 2.136E-02 2.136E-02 0.000E+00
5.012E+02 2.112E-02 2.112E-02 0.000E+00
6.310E+02 2.026E-02 2.026E-02 0.000E+00
7.943E+02 1.933E-02 1.933E-02 0.000E+00
1.000E+03 1.833E-02 1.833E-02 0.000E+00
1.259E+03 1.735E-02 1.735E-02 0.000E+00
1.585E+03 1.710E-02 1.710E-02 0.000E+00
1.995E+03 0.000E+00 2.022E-02 0.000E+00
2.512E+03 0.000E+00 4.727E-02 0.000E+00
3.162E+03 0.000E+00 2.171E-01 0.000E+00
3.981E+03 0.000E+00 9.580E-01 0.000E+00
5.012E+03 0.000E+00 3.276E+00 0.000E+00
6.310E+03 0.000E+00 8.738E+00 0.000E+00
7.943E+03 0.000E+00 1.862E+01 0.000E+00
1.000E+04 0.000E+00 3.239E+01 0.000E+00
1.259E+04 0.000E+00 4.784E+01 0.000E+00
1.585E+04 0.000E+00 6.425E+01 0.000E+00
1.995E+04 0.000E+00 8.511E+01 0.000E+00
2.512E+04 0.000E+00 1.148E+02 0.000E+00
3.162E+04 0.000E+00 1.507E+02 0.000E+00
3.981E+04 0.000E+00 1.808E+02 0.000E+00
5.012E+04 0.000E+00 1.929E+02 0.000E+00

PAH
4.467E-04= radius (micron)
T_rad    <Qem>/a   <Qabs>/a  <Qpr>/a (micron-1)
5.012E+00 1.022E-05 1.022E-05 0.000E+00
6.310E+00 1.601E-05 1.601E-05 0.000E+00
7.943E+00 2.496E-05 2.496E-05 0.000E+00
1.000E+01 3.866E-05 3.866E-05 0.000E+00
1.259E+01 5.934E-05 5.934E-05 0.000E+00
1.585E+01 9.003E-05 9.003E-05 0.000E+00
1.995E+01 1.347E-04 1.347E-04 0.000E+00
2.512E+01 1.988E-04 1.988E-04 0.000E+00
3.162E+01 2.901E-04 2.901E-04 0.000E+00
3.981E+01 4.216E-04 4.216E-04 0.000E+00
5.012E+01 6.182E-04 6.182E-04 0.000E+00
6.310E+01 9.337E-04 9.337E-04 0.000E+00
7.943E+01 1.487E-03 1.487E-03 0.000E+00
1.000E+02 2.529E-03 2.529E-03 0.000E+00
1.259E+02 4.455E-03 4.455E-03 0.000E+00
1.585E+02 7.553E-03 7.553E-03 0.000E+00
1.995E+02 1.156E-02 1.156E-02 0.000E+00
2.512E+02 1.561E-02 1.561E-02 0.000E+00
3.162E+02 1.863E-02 1.863E-02 0.000E+00
3.981E+02 1.996E-02 1.996E-02 0.000E+00
5.012E+02 1.981E-02 1.981E-02 0.000E+00
6.310E+02 1.899E-02 1.899E-02 0.000E+00
7.943E+02 1.805E-02 1.805E-02 0.000E+00
1.000E+03 1.707E-02 1.707E-02 0.000E+00
1.259E+03 1.626E-02 1.626E-02 0.000E+00
1.585E+03 1.658E-02 1.658E-02 0.000E+00
1.995E+03 0.000E+00 2.433E-02 0.000E+00
2.512E+03 0.000E+00 8.167E-02 0.000E+00
3.162E+03 0.000E+00 3.711E-01 0.000E+00
3.981E+03 0.000E+00 1.400E+00 0.000E+00
5.012E+03 0.000E+00 4.153E+00 0.000E+00
6.310E+03 0.000E+00 1.001E+01 0.000E+00
7.943E+03 0.000E+00 2.002E+01 0.000E+00
1.000E+04 0.000E+00 3.360E+01 0.000E+00
1.259E+04 0.000E+00 4.865E+01 0.000E+00
1.585E+04 0.000E+00 6.458E+01 0.000E+00
1.995E+04 0.000E+00 8.496E+01 0.000E+00
2.512E+04 0.000E+00 1.142E+02 0.000E+00
3.162E+04 0.000E+00 1.496E+02 0.000E+00
3.981E+04 0.000E+00 1.795E+02 0.000E+00
5.012E+04 0.000E+00 1.915E+02 0.000E+00

PAH
5.012E-04= radius (micron)
T_rad    <Qem>/a   <Qabs>/a  <Qpr>/a (micron-1)
5.012E+00 9.807E-06 9.807E-06 0.000E+00
6.310E+00 1.538E-05 1.538E-05 0.000E+00
7.943E+00 2.403E-05 2.403E-05 0.000E+00
1.000E+01 3.733E-05 3.733E-05 0.000E+00
1.259E+01 5.755E-05 5.755E-05 0.000E+00
1.585E+01 8.782E-05 8.782E-05 0.000E+00
1.995E+01 1.323E-04 1.323E-04 0.000E+00
2.512E+01 1.967E-04 1.967E-04 0.000E+00
3.162E+01 2.890E-04 2.890E-04 0.000E+00
3.981E+01 4.222E-04 4.222E-04 0.000E+00
5.012E+01 6.211E-04 6.211E-04 0.000E+00
6.310E+01 9.378E-04 9.378E-04 0.000E+00
7.943E+01 1.486E-03 1.486E-03 0.000E+00
1.000E+02 2.492E-03 2.492E-03 0.000E+00
1.259E+02 4.291E-03 4.291E-03 0.000E+00
1.585E+02 7.103E-03 7.103E-03 0.000E+00
1.995E+02 1.070E-02 1.070E-02 0.000E+00
2.512E+02 1.437E-02 1.437E-02 0.000E+00
3.162E+02 1.721E-02 1.721E-02 0.000E+00
3.981E+02 1.857E-02 1.857E-02 0.000E+00
5.012E+02 1.852E-02 1.852E-02 0.000E+00
6.310E+02 1.773E-02 1.773E-02 0.000E+00
7.943E+02 1.676E-02 1.676E-02 0.000E+00
1.000E+03 1.581E-02 1.581E-02 0.000E+00
1.259E+03 1.516E-02 1.516E-02 0.000E+00
1.585E+03 1.609E-02 1.609E-02 0.000E+00
1.995E+03 0.000E+00 2.770E-02 0.000E+00
2.512E+03 0.000E+00 1.045E-01 0.000E+00
3.162E+03 0.000E+00 4.539E-01 0.000E+00
3.981E+03 0.000E+00 1.598E+00 0.000E+00
5.012E+03 0.000E+00 4.484E+00 0.000E+00
6.310E+03 0.000E+00 1.042E+01 0.000E+00
7.943E+03 0.000E+00 2.040E+01 0.000E+00
1.000E+04 0.000E+00 3.385E+01 0.000E+00
1.259E+04 0.000E+00 4.871E+01 0.000E+00
1.585E+04 0.000E+00 6.446E+01 0.000E+00
1.995E+04 0.000E+00 8.464E+01 0.000E+00
2.512E+04 0.000E+00 1.137E+02 0.000E+00
3.162E+04 0.000E+00 1.489E+02 0.000E+00
3.981E+04 0.000E+00 1.786E+02 0.000E+00
5.012E+04 0.000E+00 1.906E+02 0.000E+00

PAH
5.623E-04= radius (micron)
T_rad    <Qem>/a   <Qabs>/a  <Qpr>/a (micron-1)
5.012E+00 9.471E-06 9.471E-06 0.000E+00
6.310E+00 1.487E-05 1.487E-05 0.000E+00
7.943E+00 2.327E-05 2.327E-05 0.000E+00
1.000E+01 3.625E-05 3.625E-05 0.000E+00
1.259E+01 5.612E-05 5.612E-05 0.000E+00
1.585E+01 8.608E-05 8.608E-05 0.000E+00
1.995E+01 1.305E-04 1.305E-04 0.000E+00
2.512E+01 1.955E-04 1.955E-04 0.000E+00
3.162E+01 2.893E-04 2.893E-04 0.000E+00
3.981E+01 4.253E-04 4.253E-04 0.000E+00
5.012E+01 6.282E-04 6.282E-04 0.000E+00
6.310E+01 9.496E-04 9.496E-04 0.000E+00
7.943E+01 1.500E-03 1.500E-03 0.000E+00
1.000E+02 2.483E-03 2.483E-03 0.000E+00
1.259E+02 4.178E-03 4.178E-03 0.000E+00
1.585E+02 6.744E-03 6.744E-03 0.000E+00
1.995E+02 9.982E-03 9.982E-03 0.000E+00
2.512E+02 1.333E-02 1.333E-02 0.000E+00
3.162E+02 1.602E-02 1.602E-02 0.000E+00
3.981E+02 1.742E-02 1.742E-02 0.000E+00
5.012E+02 1.746E-02 1.746E-02 0.000E+00
6.310E+02 1.668E-02 1.668E-02 0.000E+00
7.943E+02 1.566E-02 1.566E-02 0.000E+00
1.000E+03 1.471E-02 1.471E-02 0.000E+00
1.259E+03 1.421E-02 1.421E-02 0.000E+00
1.585E+03 1.590E-02 1.590E-02 0.000E+00
1.995E+03 0.000E+00 3.230E-02 0.000E+00
2.512E+03 0.000E+00 1.302E-01 0.000E+00
3.162E+03 0.000E+00 5.381E-01 0.000E+00
3.981E+03 0.000E+00 1.786E+00 0.000E+00
5.012E+03 0.000E+00 4.798E+00 0.000E+00
6.310E+03 0.000E+00 1.084E+01 0.000E+00
7.943E+03 0.000E+00 2.090E+01 0.000E+00
1.000E+04 0.000E+00 3.440E+01 0.000E+00
1.259E+04 0.000E+00 4.931E+01 0.000E+00
1.585E+04 0.000E+00 6.511E+01 0.000E+00
1.995E+04 0.000E+00 8.540E+01 0.000E+00
2.512E+04 0.000E+00 1.146E+02 0.000E+00
3.162E+04 0.000E+00 1.501E+02 0.000E+00
3.981E+04 0.000E+00 1.799E+02 0.000E+00
5.012E+04 0.000E+00 1.919E+02 0.000E+00

PAH
6.310E-04= radius (micron)
T_rad    <Qem>/a   <Qabs>/a  <Qpr>/a (micron-1)
5.012E+00 9.140E-06 9.140E-06 0.000E+00
6.310E+00 1.436E-05 1.436E-05 0.000E+00
7.943E+00 2.250E-05 2.250E-05 0.000E+00
1.000E+01 3.514E-05 3.514E-05 0.000E+00
1.259E+01 5.458E-05 5.458E-05 0.000E+00
1.585E+01 8.410E-05 8.410E-05 0.000E+00
1.995E+01 1.283E-04 1.283E-04 0.000E+00
2.512E+01 1.933E-04 1.933E-04 0.000E+00
3.162E+01 2.879E-04 2.879E-04 0.000E+00
3.981E+01 4.257E-04 4.257E-04 0.000E+00
5.012E+01 6.310E-04 6.310E-04 0.000E+00
6.310E+01 9.547E-04 9.547E-04 0.000E+00
7.943E+01 1.504E-03 1.504E-03 0.000E+00
1.000E+02 2.476E-03 2.476E-03 0.000E+00
1.259E+02 4.127E-03 4.127E-03 0.000E+00
1.585E+02 6.598E-03 6.598E-03 0.000E+00
1.995E+02 9.701E-03 9.701E-03 0.000E+00
2.512E+02 1.292E-02 1.292E-02 0.000E+00
3.162E+02 1.555E-02 1.555E-02 0.000E+00
3.981E+02 1.695E-02 1.695E-02 0.000E+00
5.012E+02 1.701E-02 1.701E-02 0.000E+00
6.310E+02 1.625E-02 1.625E-02 0.000E+00
7.943E+02 1.523E-02 1.523E-02 0.000E+00
1.000E+03 1.430E-02 1.430E-02 0.000E+00
1.259E+03 1.390E-02 1.390E-02 0.000E+00
1.585E+03 1.633E-02 1.633E-02 0.000E+00
1.995E+03 0.000E+00 3.732E-02 0.000E+00
2.512E+03 0.000E+00 1.529E-01 0.000E+00
3.162E+03 0.000E+00 6.018E-01 0.000E+00
3.981E+03 0.000E+00 1.908E+00 0.000E+00
5.012E+03 0.000E+00 4.965E+00 0.000E+00
6.310E+03 0.000E+00 1.100E+01 0.000E+00
7.943E+03 0.000E+00 2.099E+01 0.000E+00
1.000E+04 0.000E+00 3.438E+01 0.000E+00
1.259E+04 0.000E+00 4.916E+01 0.000E+00
1.585E+04 0.000E+00 6.483E+01 0.000E+00
1.995E+04 0.000E+00 8.498E+01 0.000E+00
2.512E+04 0.000E+00 1.140E+02 0.000E+00
3.162E+04 0.000E+00 1.493E+02 0.000E+00
3.981E+04 0.000E+00 1.790E+02 0.000E+00
5.012E+04 0.000E+00 1.909E+02 0.000E+00

PAH
7.079E-04= radius (micron)
T_rad    <Qem>/a   <Qabs>/a  <Qpr>/a (micron-1)
5.012E+00 8.870E-06 8.870E-06 0.000E+00
6.310E+00 1.394E-05 1.394E-05 0.000E+00
7.943E+00 2.187E-05 2.187E-05 0.000E+00
1.000E+01 3.422E-05 3.422E-05 0.000E+00
1.259E+01 5.331E-05 5.331E-05 0.000E+00
1.585E+01 8.248E-05 8.248E-05 0.000E+00
1.995E+01 1.265E-04 1.265E-04 0.000E+00
2.512E+01 1.918E-04 1.918E-04 0.000E+00
3.162E+01 2.875E-04 2.875E-04 0.000E+00
3.981E+01 4.275E-04 4.275E-04 0.000E+00
5.012E+01 6.364E-04 6.364E-04 0.000E+00
6.310E+01 9.646E-04 9.646E-04 0.000E+00
7.943E+01 1.519E-03 1.519E-03 0.000E+00
1.000E+02 2.493E-03 2.493E-03 0.000E+00
1.259E+02 4.144E-03 4.144E-03 0.000E+00
1.585E+02 6.606E-03 6.606E-03 0.000E+00
1.995E+02 9.696E-03 9.696E-03 0.000E+00
2.512E+02 1.290E-02 1.290E-02 0.000E+00
3.162E+02 1.553E-02 1.553E-02 0.000E+00
3.981E+02 1.692E-02 1.692E-02 0.000E+00
5.012E+02 1.699E-02 1.699E-02 0.000E+00
6.310E+02 1.623E-02 1.623E-02 0.000E+00
7.943E+02 1.520E-02 1.520E-02 0.000E+00
1.000E+03 1.427E-02 1.427E-02 0.000E+00
1.259E+03 1.394E-02 1.394E-02 0.000E+00
1.585E+03 1.716E-02 1.716E-02 0.000E+00
1.995E+03 0.000E+00 4.284E-02 0.000E+00
2.512E+03 0.000E+00 1.748E-01 0.000E+00
3.162E+03 0.000E+00 6.594E-01 0.000E+00
3.981E+03 0.000E+00 2.015E+00 0.000E+00
5.012E+03 0.000E+00 5.117E+00 0.000E+00
6.310E+03 0.000E+00 1.118E+01 0.000E+00
7.943E+03 0.000E+00 2.117E+01 0.000E+00
1.000E+04 0.000E+00 3.456E+01 0.000E+00
1.259E+04 0.000E+00 4.934E+01 0.000E+00
1.585E+04 0.000E+00 6.501E+01 0.000E+00
1.995E+04 0.000E+00 8.517E+01 0.000E+00
2.512E+04 0.000E+00 1.142E+02 0.000E+00
3.162E+04 0.000E+00 1.496E+02 0.000E+00
3.981E+04 0.000E+00 1.793E+02 0.000E+00
5.012E+04 0.000E+00 1.912E+02 0.000E+00

PAH
7.943E-04= radius (micron)
T_rad    <Qem>/a   <Qabs>/a  <Qpr>/a (micron-1)
5.012E+00 8.613E-06 8.613E-06 0.000E+00
6.310E+00 1.354E-05 1.354E-05 0.000E+00
7.943E+00 2.126E-05 2.126E-05 0.000E+00
1.000E+01 3.332E-05 3.332E-05 0.000E+00
1.259E+01 5.203E-05 5.203E-05 0.000E+00
1.585E+01 8.079E-05 8.079E-05 0.000E+00
1.995E+01 1.244E-04 1.244E-04 0.000E+00
2.512E+01 1.897E-04 1.897E-04 0.000E+00
3.162E+01 2.861E-04 2.861E-04 0.000E+00
3.981E+01 4.278E-04 4.278E-04 0.000E+00
5.012E+01 6.393E-04 6.393E-04 0.000E+00
6.310E+01 9.705E-04 9.705E-04 0.000E+00
7.943E+01 1.526E-03 1.526E-03 0.000E+00
1.000E+02 2.500E-03 2.500E-03 0.000E+00
1.259E+02 4.145E-03 4.145E-03 0.000E+00
1.585E+02 6.595E-03 6.595E-03 0.000E+00
1.995E+02 9.668E-03 9.668E-03 0.000E+00
2.512E+02 1.286E-02 1.286E-02 0.000E+00
3.162E+02 1.547E-02 1.547E-02 0.000E+00
3.981E+02 1.686E-02 1.686E-02 0.000E+00
5.012E+02 1.693E-02 1.693E-02 0.000E+00
6.310E+02 1.617E-02 1.617E-02 0.000E+00
7.943E+02 1.515E-02 1.515E-02 0.000E+00
1.000E+03 1.423E-02 1.423E-02 0.000E+00
1.259E+03 1.399E-02 1.399E-02 0.000E+00
1.585E+03 1.801E-02 1.801E-02 0.000E+00
1.995E+03 0.000E+00 4.788E-02 0.000E+00
2.512E+03 0.000E+00 1.927E-01 0.000E+00
3.162E+03 0.000E+00 7.014E-01 0.000E+00
3.981E+03 0.000E+00 2.084E+00 0.000E+00
5.012E+03 0.000E+00 5.197E+00 0.000E+00
6.310E+03 0.000E+00 1.124E+01 0.000E+00
7.943E+03 0.000E+00 2.119E+01 0.000E+00
1.000E+04 0.000E+00 3.450E+01 0.000E+00
1.259E+04 0.000E+00 4.920E+01 0.000E+00
1.585E+04 0.000E+00 6.480E+01 0.000E+00
1.995E+04 0.000E+00 8.488E+01 0.000E+00
2.512E+04 0.000E+00 1.138E+02 0.000E+00
3.162E+04 0.000E+00 1.490E+02 0.000E+00
3.981E+04 0.000E+00 1.787E+02 0.000E+00
5.012E+04 0.000E+00 1.906E+02 0.000E+00

PAH
8.913E-04= radius (micron)
T_rad    <Qem>/a   <Qabs>/a  <Qpr>/a (micron-1)
5.012E+00 8.396E-06 8.396E-06 0.000E+00
6.310E+00 1.320E-05 1.320E-05 0.000E+00
7.943E+00 2.074E-05 2.074E-05 0.000E+00
1.000E+01 3.254E-05 3.254E-05 0.000E+00
1.259E+01 5.093E-05 5.093E-05 0.000E+00
1.585E+01 7.933E-05 7.933E-05 0.000E+00
1.995E+01 1.227E-04 1.227E-04 0.000E+00
2.512E+01 1.881E-04 1.881E-04 0.000E+00
3.162E+01 2.852E-04 2.852E-04 0.000E+00
3.981E+01 4.287E-04 4.287E-04 0.000E+00
5.012E+01 6.431E-04 6.431E-04 0.000E+00
6.310E+01 9.782E-04 9.782E-04 0.000E+00
7.943E+01 1.538E-03 1.538E-03 0.000E+00
1.000E+02 2.516E-03 2.516E-03 0.000E+00
1.259E+02 4.165E-03 4.165E-03 0.000E+00
1.585E+02 6.622E-03 6.622E-03 0.000E+00
1.995E+02 9.704E-03 9.704E-03 0.000E+00
2.512E+02 1.290E-02 1.290E-02 0.000E+00
3.162E+02 1.552E-02 1.552E-02 0.000E+00
3.981E+02 1.690E-02 1.690E-02 0.000E+00
5.012E+02 1.697E-02 1.697E-02 0.000E+00
6.310E+02 1.621E-02 1.621E-02 0.000E+00
7.943E+02 1.519E-02 1.519E-02 0.000E+00
1.000E+03 1.428E-02 1.428E-02 0.000E+00
1.259E+03 1.413E-02 1.413E-02 0.000E+00
1.585E+03 1.894E-02 1.894E-02 0.000E+00
1.995E+03 0.000E+00 5.267E-02 0.000E+00
2.512E+03 0.000E+00 2.086E-01 0.000E+00
3.162E+03 0.000E+00 7.370E-01 0.000E+00
3.981E+03 0.000E+00 2.142E+00 0.000E+00
5.012E+03 0.000E+00 5.270E+00 0.000E+00
6.310E+03 0.000E+00 1.132E+01 0.000E+00
7.943E+03 0.000E+00 2.125E+01 0.000E+00
1.000E+04 0.000E+00 3.456E+01 0.000E+00
1.259E+04 0.000E+00 4.924E+01 0.000E+00
1.585E+04 0.000E+00 6.483E+01 0.000E+00
1.995E+04 0.000E+00 8.490E+01 0.000E+00
2.512E+04 0.000E+00 1.138E+02 0.000E+00
3.162E+04 0.000E+00 1.490E+02 0.000E+00
3.981E+04 0.000E+00 1.787E+02 0.000E+00
5.012E+04 0.000E+00 1.906E+02 0.000E+00

PAH
1.000E-03= radius (micron)
T_rad    <Qem>/a   <Qabs>/a  <Qpr>/a (micron-1)
5.012E+00 8.198E-06 8.198E-06 0.000E+00
6.310E+00 1.288E-05 1.288E-05 0.000E+00
7.943E+00 2.025E-05 2.025E-05 0.000E+00
1.000E+01 3.182E-05 3.182E-05 0.000E+00
1.259E+01 4.988E-05 4.988E-05 0.000E+00
1.585E+01 7.790E-05 7.790E-05 0.000E+00
1.995E+01 1.209E-04 1.209E-04 0.000E+00
2.512E+01 1.862E-04 1.862E-04 0.000E+00
3.162E+01 2.839E-04 2.839E-04 0.000E+00
3.981E+01 4.288E-04 4.288E-04 0.000E+00
5.012E+01 6.457E-04 6.457E-04 0.000E+00
6.310E+01 9.839E-04 9.839E-04 0.000E+00
7.943E+01 1.546E-03 1.546E-03 0.000E+00
1.000E+02 2.524E-03 2.524E-03 0.000E+00
1.259E+02 4.169E-03 4.169E-03 0.000E+00
1.585E+02 6.616E-03 6.616E-03 0.000E+00
1.995E+02 9.685E-03 9.685E-03 0.000E+00
2.512E+02 1.287E-02 1.287E-02 0.000E+00
3.162E+02 1.547E-02 1.547E-02 0.000E+00
3.981E+02 1.685E-02 1.685E-02 0.000E+00
5.012E+02 1.692E-02 1.692E-02 0.000E+00
6.310E+02 1.616E-02 1.616E-02 0.000E+00
7.943E+02 1.515E-02 1.515E-02 0.000E+00
1.000E+03 1.425E-02 1.425E-02 0.000E+00
1.259E+03 1.420E-02 1.420E-02 0.000E+00
1.585E+03 1.977E-02 1.977E-02 0.000E+00
1.995E+03 0.000E+00 5.676E-02 0.000E+00
2.512E+03 0.000E+00 2.211E-01 0.000E+00
3.162E+03 0.000E+00 7.630E-01 0.000E+00
3.981E+03 0.000E+00 2.180E+00 0.000E+00
5.012E+03 0.000E+00 5.310E+00 0.000E+00
6.310E+03 0.000E+00 1.134E+01 0.000E+00
7.943E+03 0.000E+00 2.125E+01 0.000E+00
1.000E+04 0.000E+00 3.452E+01 0.000E+00
1.259E+04 0.000E+00 4.916E+01 0.000E+00
1.585E+04 0.000E+00 6.471E+01 0.000E+00
1.995E+04 0.000E+00 8.473E+01 0.000E+00
2.512E+04 0.000E+00 1.136E+02 0.000E+00
3.162E+04 0.000E+00 1.487E+02 0.000E+00
3.981E+04 0.000E+00 1.783E+02 0.000E+00
5.012E+04 0.000E+00 1.902E+02 0.000E+00

PAH
1.122E-03= radius (micron)
T_rad    <Qem>/a   <Qabs>/a  <Qpr>/a (micron-1)
5.012E+00 8.033E-06 8.033E-06 0.000E+00
6.310E+00 1.262E-05 1.262E-05 0.000E+00
7.943E+00 1.985E-05 1.985E-05 0.000E+00
1.000E+01 3.120E-05 3.120E-05 0.000E+00
1.259E+01 4.898E-05 4.898E-05 0.000E+00
1.585E+01 7.668E-05 7.668E-05 0.000E+00
1.995E+01 1.194E-04 1.194E-04 0.000E+00
2.512E+01 1.847E-04 1.847E-04 0.000E+00
3.162E+01 2.829E-04 2.829E-04 0.000E+00
3.981E+01 4.294E-04 4.294E-04 0.000E+00
5.012E+01 6.491E-04 6.491E-04 0.000E+00
6.310E+01 9.911E-04 9.911E-04 0.000E+00
7.943E+01 1.558E-03 1.558E-03 0.000E+00
1.000E+02 2.538E-03 2.538E-03 0.000E+00
1.259E+02 4.183E-03 4.183E-03 0.000E+00
1.585E+02 6.627E-03 6.627E-03 0.000E+00
1.995E+02 9.689E-03 9.689E-03 0.000E+00
2.512E+02 1.287E-02 1.287E-02 0.000E+00
3.162E+02 1.547E-02 1.547E-02 0.000E+00
3.981E+02 1.685E-02 1.685E-02 0.000E+00
5.012E+02 1.692E-02 1.692E-02 0.000E+00
6.310E+02 1.616E-02 1.616E-02 0.000E+00
7.943E+02 1.514E-02 1.514E-02 0.000E+00
1.000E+03 1.425E-02 1.425E-02 0.000E+00
1.259E+03 1.430E-02 1.430E-02 0.000E+00
1.585E+03 2.058E-02 2.058E-02 0.000E+00
1.995E+03 0.000E+00 6.048E-02 0.000E+00
2.512E+03 0.000E+00 2.321E-01 0.000E+00
3.162E+03 0.000E+00 7.856E-01 0.000E+00
3.981E+03 0.000E+00 2.215E+00 0.000E+00
5.012E+03 0.000E+00 5.355E+00 0.000E+00
6.310E+03 0.000E+00 1.139E+01 0.000E+00
7.943E+03 0.000E+00 2.131E+01 0.000E+00
1.000E+04 0.000E+00 3.459E+01 0.000E+00
1.259E+04 0.000E+00 4.925E+01 0.000E+00
1.585E+04 0.000E+00 6.481E+01 0.000E+00
1.995E+04 0.000E+00 8.486E+01 0.000E+00
2.512E+04 0.000E+00 1.138E+02 0.000E+00
3.162E+04 0.000E+00 1.489E+02 0.000E+00
3.981E+04 0.000E+00 1.785E+02 0.000E+00
5.012E+04 0.000E+00 1.904E+02 0.000E+00

PAH
1.259E-03= radius (micron)
T_rad    <Qem>/a   <Qabs>/a  <Qpr>/a (micron-1)
5.012E+00 7.882E-06 7.882E-06 0.000E+00
6.310E+00 1.238E-05 1.238E-05 0.000E+00
7.943E+00 1.946E-05 1.946E-05 0.000E+00
1.000E+01 3.062E-05 3.062E-05 0.000E+00
1.259E+01 4.813E-05 4.813E-05 0.000E+00
1.585E+01 7.549E-05 7.549E-05 0.000E+00
1.995E+01 1.179E-04 1.179E-04 0.000E+00
2.512E+01 1.831E-04 1.831E-04 0.000E+00
3.162E+01 2.816E-04 2.816E-04 0.000E+00
3.981E+01 4.293E-04 4.293E-04 0.000E+00
5.012E+01 6.513E-04 6.513E-04 0.000E+00
6.310E+01 9.962E-04 9.962E-04 0.000E+00
7.943E+01 1.565E-03 1.565E-03 0.000E+00
1.000E+02 2.547E-03 2.547E-03 0.000E+00
1.259E+02 4.191E-03 4.191E-03 0.000E+00
1.585E+02 6.630E-03 6.630E-03 0.000E+00
1.995E+02 9.685E-03 9.685E-03 0.000E+00
2.512E+02 1.285E-02 1.285E-02 0.000E+00
3.162E+02 1.545E-02 1.545E-02 0.000E+00
3.981E+02 1.683E-02 1.683E-02 0.000E+00
5.012E+02 1.690E-02 1.690E-02 0.000E+00
6.310E+02 1.614E-02 1.614E-02 0.000E+00
7.943E+02 1.512E-02 1.512E-02 0.000E+00
1.000E+03 1.424E-02 1.424E-02 0.000E+00
1.259E+03 1.439E-02 1.439E-02 0.000E+00
1.585E+03 2.128E-02 2.128E-02 0.000E+00
1.995E+03 0.000E+00 6.350E-02 0.000E+00
2.512E+03 0.000E+00 2.404E-01 0.000E+00
3.162E+03 0.000E+00 8.013E-01 0.000E+00
3.981E+03 0.000E+00 2.237E+00 0.000E+00
5.012E+03 0.000E+00 5.376E+00 0.000E+00
6.310E+03 0.000E+00 1.141E+01 0.000E+00
7.943E+03 0.000E+00 2.131E+01 0.000E+00
1.000E+04 0.000E+00 3.456E+01 0.000E+00
1.259E+04 0.000E+00 4.920E+01 0.000E+00
1.585E+04 0.000E+00 6.474E+01 0.000E+00
1.995E+04 0.000E+00 8.476E+01 0.000E+00
2.512E+04 0.000E+00 1.136E+02 0.000E+00
3.162E+04 0.000E+00 1.487E+02 0.000E+00
3.981E+04 0.000E+00 1.783E+02 0.000E+00
5.012E+04 0.000E+00 1.901E+02 0.000E+00

PAH
1.413E-03= radius (micron)
T_rad    <Qem>/a   <Qabs>/a  <Qpr>/a (micron-1)
5.012E+00 7.753E-06 7.753E-06 0.000E+00
6.310E+00 1.217E-05 1.217E-05 0.000E+00
7.943E+00 1.913E-05 1.913E-05 0.000E+00
1.000E+01 3.011E-05 3.011E-05 0.000E+00
1.259E+01 4.737E-05 4.737E-05 0.000E+00
1.585E+01 7.443E-05 7.443E-05 0.000E+00
1.995E+01 1.166E-04 1.166E-04 0.000E+00
2.512E+01 1.816E-04 1.816E-04 0.000E+00
3.162E+01 2.805E-04 2.805E-04 0.000E+00
3.981E+01 4.293E-04 4.293E-04 0.000E+00
5.012E+01 6.535E-04 6.535E-04 0.000E+00
6.310E+01 1.001E-03 1.001E-03 0.000E+00
7.943E+01 1.574E-03 1.574E-03 0.000E+00
1.000E+02 2.557E-03 2.557E-03 0.000E+00
1.259E+02 4.200E-03 4.200E-03 0.000E+00
1.585E+02 6.636E-03 6.636E-03 0.000E+00
1.995E+02 9.686E-03 9.686E-03 0.000E+00
2.512E+02 1.285E-02 1.285E-02 0.000E+00
3.162E+02 1.544E-02 1.544E-02 0.000E+00
3.981E+02 1.682E-02 1.682E-02 0.000E+00
5.012E+02 1.689E-02 1.689E-02 0.000E+00
6.310E+02 1.613E-02 1.613E-02 0.000E+00
7.943E+02 1.512E-02 1.512E-02 0.000E+00
1.000E+03 1.424E-02 1.424E-02 0.000E+00
1.259E+03 1.448E-02 1.448E-02 0.000E+00
1.585E+03 2.191E-02 2.191E-02 0.000E+00
1.995E+03 0.000E+00 6.609E-02 0.000E+00
2.512E+03 0.000E+00 2.473E-01 0.000E+00
3.162E+03 0.000E+00 8.140E-01 0.000E+00
3.981E+03 0.000E+00 2.254E+00 0.000E+00
5.012E+03 0.000E+00 5.395E+00 0.000E+00
6.310E+03 0.000E+00 1.142E+01 0.000E+00
7.943E+03 0.000E+00 2.132E+01 0.000E+00
1.000E+04 0.000E+00 3.456E+01 0.000E+00
1.259E+04 0.000E+00 4.919E+01 0.000E+00
1.585E+04 0.000E+00 6.473E+01 0.000E+00
1.995E+04 0.000E+00 8.474E+01 0.000E+00
2.512E+04 0.000E+00 1.136E+02 0.000E+00
3.162E+04 0.000E+00 1.487E+02 0.000E+00
3.981E+04 0.000E+00 1.782E+02 0.000E+00
5.012E+04 0.000E+00 1.900E+02 0.000E+00

PAH
1.585E-03= radius (micron)
T_rad    <Qem>/a   <Qabs>/a  <Qpr>/a (micron-1)
5.012E+00 7.643E-06 7.643E-06 0.000E+00
6.310E+00 1.199E-05 1.199E-05 0.000E+00
7.943E+00 1.885E-05 1.885E-05 0.000E+00
1.000E+01 2.966E-05 2.966E-05 0.000E+00
1.259E+01 4.670E-05 4.670E-05 0.000E+00
1.585E+01 7.349E-05 7.349E-05 0.000E+00
1.995E+01 1.154E-04 1.154E-04 0.000E+00
2.512E+01 1.802E-04 1.802E-04 0.000E+00
3.162E+01 2.794E-04 2.794E-04 0.000E+00
3.981E+01 4.294E-04 4.294E-04 0.000E+00
5.012E+01 6.557E-04 6.557E-04 0.000E+00
6.310E+01 1.007E-03 1.007E-03 0.000E+00
7.943E+01 1.582E-03 1.582E-03 0.000E+00
1.000E+02 2.568E-03 2.568E-03 0.000E+00
1.259E+02 4.213E-03 4.213E-03 0.000E+00
1.585E+02 6.650E-03 6.650E-03 0.000E+00
1.995E+02 9.701E-03 9.701E-03 0.000E+00
2.512E+02 1.287E-02 1.287E-02 0.000E+00
3.162E+02 1.546E-02 1.546E-02 0.000E+00
3.981E+02 1.684E-02 1.684E-02 0.000E+00
5.012E+02 1.690E-02 1.690E-02 0.000E+00
6.310E+02 1.614E-02 1.614E-02 0.000E+00
7.943E+02 1.513E-02 1.513E-02 0.000E+00
1.000E+03 1.426E-02 1.426E-02 0.000E+00
1.259E+03 1.458E-02 1.458E-02 0.000E+00
1.585E+03 2.248E-02 2.248E-02 0.000E+00
1.995E+03 0.000E+00 6.830E-02 0.000E+00
2.512E+03 0.000E+00 2.530E-01 0.000E+00
3.162E+03 0.000E+00 8.245E-01 0.000E+00
3.981E+03 0.000E+00 2.269E+00 0.000E+00
5.012E+03 0.000E+00 5.412E+00 0.000E+00
6.310E+03 0.000E+00 1.144E+01 0.000E+00
7.943E+03 0.000E+00 2.134E+01 0.000E+00
1.000E+04 0.000E+00 3.459E+01 0.000E+00
1.259E+04 0.000E+00 4.922E+01 0.000E+00
1.585E+04 0.000E+00 6.476E+01 0.000E+00
1.995E+04 0.000E+00 8.479E+01 0.000E+00
2.512E+04 0.000E+00 1.137E+02 0.000E+00
3.162E+04 0.000E+00 1.487E+02 0.000E+00
3.981E+04 0.000E+00 1.782E+02 0.000E+00
5.012E+04 0.000E+00 1.899E+02 0.000E+00

PAH
1.778E-03= radius (micron)
T_rad    <Qem>/a   <Qabs>/a  <Qpr>/a (micron-1)
5.012E+00 7.546E-06 7.546E-06 0.000E+00
6.310E+00 1.183E-05 1.183E-05 0.000E+00
7.943E+00 1.859E-05 1.859E-05 0.000E+00
1.000E+01 2.925E-05 2.925E-05 0.000E+00
1.259E+01 4.609E-05 4.609E-05 0.000E+00
1.585E+01 7.261E-05 7.261E-05 0.000E+00
1.995E+01 1.142E-04 1.142E-04 0.000E+00
2.512E+01 1.789E-04 1.789E-04 0.000E+00
3.162E+01 2.783E-04 2.783E-04 0.000E+00
3.981E+01 4.291E-04 4.291E-04 0.000E+00
5.012E+01 6.573E-04 6.573E-04 0.000E+00
6.310E+01 1.011E-03 1.011E-03 0.000E+00
7.943E+01 1.589E-03 1.589E-03 0.000E+00
1.000E+02 2.577E-03 2.577E-03 0.000E+00
1.259E+02 4.221E-03 4.221E-03 0.000E+00
1.585E+02 6.656E-03 6.656E-03 0.000E+00
1.995E+02 9.703E-03 9.703E-03 0.000E+00
2.512E+02 1.286E-02 1.286E-02 0.000E+00
3.162E+02 1.545E-02 1.545E-02 0.000E+00
3.981E+02 1.683E-02 1.683E-02 0.000E+00
5.012E+02 1.689E-02 1.689E-02 0.000E+00
6.310E+02 1.614E-02 1.614E-02 0.000E+00
7.943E+02 1.512E-02 1.512E-02 0.000E+00
1.000E+03 1.426E-02 1.426E-02 0.000E+00
1.259E+03 1.465E-02 1.465E-02 0.000E+00
1.585E+03 2.296E-02 2.296E-02 0.000E+00
1.995E+03 0.000E+00 7.008E-02 0.000E+00
2.512E+03 0.000E+00 2.574E-01 0.000E+00
3.162E+03 0.000E+00 8.322E-01 0.000E+00
3.981E+03 0.000E+00 2.279E+00 0.000E+00
5.012E+03 0.000E+00 5.422E+00 0.000E+00
6.310E+03 0.000E+00 1.145E+01 0.000E+00
7.943E+03 0.000E+00 2.134E+01 0.000E+00
1.000E+04 0.000E+00 3.458E+01 0.000E+00
1.259E+04 0.000E+00 4.921E+01 0.000E+00
1.585E+04 0.000E+00 6.474E+01 0.000E+00
1.995E+04 0.000E+00 8.475E+01 0.000E+00
2.512E+04 0.000E+00 1.136E+02 0.000E+00
3.162E+04 0.000E+00 1.486E+02 0.000E+00
3.981E+04 0.000E+00 1.781E+02 0.000E+00
5.012E+04 0.000E+00 1.897E+02 0.000E+00

PAH
1.995E-03= radius (micron)
T_rad    <Qem>/a   <Qabs>/a  <Qpr>/a (micron-1)
5.012E+00 7.463E-06 7.463E-06 0.000E+00
6.310E+00 1.169E-05 1.169E-05 0.000E+00
7.943E+00 1.836E-05 1.836E-05 0.000E+00
1.000E+01 2.890E-05 2.890E-05 0.000E+00
1.259E+01 4.555E-05 4.555E-05 0.000E+00
1.585E+01 7.183E-05 7.183E-05 0.000E+00
1.995E+01 1.132E-04 1.132E-04 0.000E+00
2.512E+01 1.777E-04 1.777E-04 0.000E+00
3.162E+01 2.773E-04 2.773E-04 0.000E+00
3.981E+01 4.290E-04 4.290E-04 0.000E+00
5.012E+01 6.588E-04 6.588E-04 0.000E+00
6.310E+01 1.015E-03 1.015E-03 0.000E+00
7.943E+01 1.595E-03 1.595E-03 0.000E+00
1.000E+02 2.585E-03 2.585E-03 0.000E+00
1.259E+02 4.229E-03 4.229E-03 0.000E+00
1.585E+02 6.662E-03 6.662E-03 0.000E+00
1.995E+02 9.706E-03 9.706E-03 0.000E+00
2.512E+02 1.286E-02 1.286E-02 0.000E+00
3.162E+02 1.545E-02 1.545E-02 0.000E+00
3.981E+02 1.682E-02 1.682E-02 0.000E+00
5.012E+02 1.689E-02 1.689E-02 0.000E+00
6.310E+02 1.614E-02 1.614E-02 0.000E+00
7.943E+02 1.512E-02 1.512E-02 0.000E+00
1.000E+03 1.427E-02 1.427E-02 0.000E+00
1.259E+03 1.472E-02 1.472E-02 0.000E+00
1.585E+03 2.337E-02 2.337E-02 0.000E+00
1.995E+03 0.000E+00 7.158E-02 0.000E+00
2.512E+03 0.000E+00 2.611E-01 0.000E+00
3.162E+03 0.000E+00 8.386E-01 0.000E+00
3.981E+03 0.000E+00 2.287E+00 0.000E+00
5.012E+03 0.000E+00 5.431E+00 0.000E+00
6.310E+03 0.000E+00 1.146E+01 0.000E+00
7.943E+03 0.000E+00 2.135E+01 0.000E+00
1.000E+04 0.000E+00 3.459E+01 0.000E+00
1.259E+04 0.000E+00 4.921E+01 0.000E+00
1.585E+04 0.000E+00 6.475E+01 0.000E+00
1.995E+04 0.000E+00 8.476E+01 0.000E+00
2.512E+04 0.000E+00 1.136E+02 0.000E+00
3.162E+04 0.000E+00 1.486E+02 0.000E+00
3.981E+04 0.000E+00 1.780E+02 0.000E+00
5.012E+04 0.000E+00 1.895E+02 0.000E+00

PAH
2.239E-03= radius (micron)
T_rad    <Qem>/a   <Qabs>/a  <Qpr>/a (micron-1)
5.012E+00 7.392E-06 7.392E-06 0.000E+00
6.310E+00 1.157E-05 1.157E-05 0.000E+00
7.943E+00 1.816E-05 1.816E-05 0.000E+00
1.000E+01 2.858E-05 2.858E-05 0.000E+00
1.259E+01 4.507E-05 4.507E-05 0.000E+00
1.585E+01 7.113E-05 7.113E-05 0.000E+00
1.995E+01 1.122E-04 1.122E-04 0.000E+00
2.512E+01 1.766E-04 1.766E-04 0.000E+00
3.162E+01 2.763E-04 2.763E-04 0.000E+00
3.981E+01 4.287E-04 4.287E-04 0.000E+00
5.012E+01 6.601E-04 6.601E-04 0.000E+00
6.310E+01 1.018E-03 1.018E-03 0.000E+00
7.943E+01 1.601E-03 1.601E-03 0.000E+00
1.000E+02 2.592E-03 2.592E-03 0.000E+00
1.259E+02 4.236E-03 4.236E-03 0.000E+00
1.585E+02 6.668E-03 6.668E-03 0.000E+00
1.995E+02 9.708E-03 9.708E-03 0.000E+00
2.512E+02 1.286E-02 1.286E-02 0.000E+00
3.162E+02 1.545E-02 1.545E-02 0.000E+00
3.981E+02 1.682E-02 1.682E-02 0.000E+00
5.012E+02 1.689E-02 1.689E-02 0.000E+00
6.310E+02 1.613E-02 1.613E-02 0.000E+00
7.943E+02 1.512E-02 1.512E-02 0.000E+00
1.000E+03 1.427E-02 1.427E-02 0.000E+00
1.259E+03 1.478E-02 1.478E-02 0.000E+00
1.585E+03 2.371E-02 2.371E-02 0.000E+00
1.995E+03 0.000E+00 7.281E-02 0.000E+00
2.512E+03 0.000E+00 2.640E-01 0.000E+00
3.162E+03 0.000E+00 8.435E-01 0.000E+00
3.981E+03 0.000E+00 2.294E+00 0.000E+00
5.012E+03 0.000E+00 5.437E+00 0.000E+00
6.310E+03 0.000E+00 1.146E+01 0.000E+00
7.943E+03 0.000E+00 2.135E+01 0.000E+00
1.000E+04 0.000E+00 3.458E+01 0.000E+00
1.259E+04 0.000E+00 4.921E+01 0.000E+00
1.585E+04 0.000E+00 6.474E+01 0.000E+00
1.995E+04 0.000E+00 8.474E+01 0.000E+00
2.512E+04 0.000E+00 1.136E+02 0.000E+00
3.162E+04 0.000E+00 1.485E+02 0.000E+00
3.981E+04 0.000E+00 1.778E+02 0.000E+00
5.012E+04 0.000E+00 1.892E+02 0.000E+00

PAH
2.512E-03= radius (micron)
T_rad    <Qem>/a   <Qabs>/a  <Qpr>/a (micron-1)
5.012E+00 7.331E-06 7.331E-06 0.000E+00
6.310E+00 1.147E-05 1.147E-05 0.000E+00
7.943E+00 1.799E-05 1.799E-05 0.000E+00
1.000E+01 2.831E-05 2.831E-05 0.000E+00
1.259E+01 4.464E-05 4.464E-05 0.000E+00
1.585E+01 7.050E-05 7.050E-05 0.000E+00
1.995E+01 1.114E-04 1.114E-04 0.000E+00
2.512E+01 1.756E-04 1.756E-04 0.000E+00
3.162E+01 2.754E-04 2.754E-04 0.000E+00
3.981E+01 4.284E-04 4.284E-04 0.000E+00
5.012E+01 6.613E-04 6.613E-04 0.000E+00
6.310E+01 1.022E-03 1.022E-03 0.000E+00
7.943E+01 1.607E-03 1.607E-03 0.000E+00
1.000E+02 2.599E-03 2.599E-03 0.000E+00
1.259E+02 4.244E-03 4.244E-03 0.000E+00
1.585E+02 6.674E-03 6.674E-03 0.000E+00
1.995E+02 9.714E-03 9.714E-03 0.000E+00
2.512E+02 1.287E-02 1.287E-02 0.000E+00
3.162E+02 1.545E-02 1.545E-02 0.000E+00
3.981E+02 1.682E-02 1.682E-02 0.000E+00
5.012E+02 1.689E-02 1.689E-02 0.000E+00
6.310E+02 1.614E-02 1.614E-02 0.000E+00
7.943E+02 1.512E-02 1.512E-02 0.000E+00
1.000E+03 1.428E-02 1.428E-02 0.000E+00
1.259E+03 1.483E-02 1.483E-02 0.000E+00
1.585E+03 2.401E-02 2.401E-02 0.000E+00
1.995E+03 0.000E+00 7.384E-02 0.000E+00
2.512E+03 0.000E+00 2.664E-01 0.000E+00
3.162E+03 0.000E+00 8.475E-01 0.000E+00
3.981E+03 0.000E+00 2.299E+00 0.000E+00
5.012E+03 0.000E+00 5.442E+00 0.000E+00
6.310E+03 0.000E+00 1.146E+01 0.000E+00
7.943E+03 0.000E+00 2.135E+01 0.000E+00
1.000E+04 0.000E+00 3.459E+01 0.000E+00
1.259E+04 0.000E+00 4.921E+01 0.000E+00
1.585E+04 0.000E+00 6.474E+01 0.000E+00
1.995E+04 0.000E+00 8.474E+01 0.000E+00
2.512E+04 0.000E+00 1.136E+02 0.000E+00
3.162E+04 0.000E+00 1.485E+02 0.000E+00
3.981E+04 0.000E+00 1.776E+02 0.000E+00
5.012E+04 0.000E+00 1.889E+02 0.000E+00

PAH
2.818E-03= radius (micron)
T_rad    <Qem>/a   <Qabs>/a  <Qpr>/a (micron-1)
5.012E+00 7.280E-06 7.280E-06 0.000E+00
6.310E+00 1.138E-05 1.138E-05 0.000E+00
7.943E+00 1.785E-05 1.785E-05 0.000E+00
1.000E+01 2.807E-05 2.807E-05 0.000E+00
1.259E+01 4.427E-05 4.427E-05 0.000E+00
1.585E+01 6.994E-05 6.994E-05 0.000E+00
1.995E+01 1.106E-04 1.106E-04 0.000E+00
2.512E+01 1.747E-04 1.747E-04 0.000E+00
3.162E+01 2.745E-04 2.745E-04 0.000E+00
3.981E+01 4.282E-04 4.282E-04 0.000E+00
5.012E+01 6.623E-04 6.623E-04 0.000E+00
6.310E+01 1.024E-03 1.024E-03 0.000E+00
7.943E+01 1.612E-03 1.612E-03 0.000E+00
1.000E+02 2.605E-03 2.605E-03 0.000E+00
1.259E+02 4.250E-03 4.250E-03 0.000E+00
1.585E+02 6.680E-03 6.680E-03 0.000E+00
1.995E+02 9.718E-03 9.718E-03 0.000E+00
2.512E+02 1.287E-02 1.287E-02 0.000E+00
3.162E+02 1.545E-02 1.545E-02 0.000E+00
3.981E+02 1.683E-02 1.683E-02 0.000E+00
5.012E+02 1.689E-02 1.689E-02 0.000E+00
6.310E+02 1.614E-02 1.614E-02 0.000E+00
7.943E+02 1.513E-02 1.513E-02 0.000E+00
1.000E+03 1.429E-02 1.429E-02 0.000E+00
1.259E+03 1.488E-02 1.488E-02 0.000E+00
1.585E+03 2.426E-02 2.426E-02 0.000E+00
1.995E+03 0.000E+00 7.470E-02 0.000E+00
2.512E+03 0.000E+00 2.683E-01 0.000E+00
3.162E+03 0.000E+00 8.507E-01 0.000E+00
3.981E+03 0.000E+00 2.303E+00 0.000E+00
5.012E+03 0.000E+00 5.446E+00 0.000E+00
6.310E+03 0.000E+00 1.147E+01 0.000E+00
7.943E+03 0.000E+00 2.135E+01 0.000E+00
1.000E+04 0.000E+00 3.459E+01 0.000E+00
1.259E+04 0.000E+00 4.921E+01 0.000E+00
1.585E+04 0.000E+00 6.474E+01 0.000E+00
1.995E+04 0.000E+00 8.474E+01 0.000E+00
2.512E+04 0.000E+00 1.135E+02 0.000E+00
3.162E+04 0.000E+00 1.484E+02 0.000E+00
3.981E+04 0.000E+00 1.774E+02 0.000E+00
5.012E+04 0.000E+00 1.885E+02 0.000E+00

PAH
3.162E-03= radius (micron)
T_rad    <Qem>/a   <Qabs>/a  <Qpr>/a (micron-1)
5.012E+00 7.235E-06 7.235E-06 0.000E+00
6.310E+00 1.131E-05 1.131E-05 0.000E+00
7.943E+00 1.772E-05 1.772E-05 0.000E+00
1.000E+01 2.786E-05 2.786E-05 0.000E+00
1.259E+01 4.394E-05 4.394E-05 0.000E+00
1.585E+01 6.945E-05 6.945E-05 0.000E+00
1.995E+01 1.099E-04 1.099E-04 0.000E+00
2.512E+01 1.738E-04 1.738E-04 0.000E+00
3.162E+01 2.738E-04 2.738E-04 0.000E+00
3.981E+01 4.279E-04 4.279E-04 0.000E+00
5.012E+01 6.632E-04 6.632E-04 0.000E+00
6.310E+01 1.027E-03 1.027E-03 0.000E+00
7.943E+01 1.616E-03 1.616E-03 0.000E+00
1.000E+02 2.611E-03 2.611E-03 0.000E+00
1.259E+02 4.256E-03 4.256E-03 0.000E+00
1.585E+02 6.685E-03 6.685E-03 0.000E+00
1.995E+02 9.721E-03 9.721E-03 0.000E+00
2.512E+02 1.287E-02 1.287E-02 0.000E+00
3.162E+02 1.545E-02 1.545E-02 0.000E+00
3.981E+02 1.683E-02 1.683E-02 0.000E+00
5.012E+02 1.689E-02 1.689E-02 0.000E+00
6.310E+02 1.614E-02 1.614E-02 0.000E+00
7.943E+02 1.513E-02 1.513E-02 0.000E+00
1.000E+03 1.429E-02 1.429E-02 0.000E+00
1.259E+03 1.492E-02 1.492E-02 0.000E+00
1.585E+03 2.447E-02 2.447E-02 0.000E+00
1.995E+03 0.000E+00 7.541E-02 0.000E+00
2.512E+03 0.000E+00 2.699E-01 0.000E+00
3.162E+03 0.000E+00 8.534E-01 0.000E+00
3.981E+03 0.000E+00 2.306E+00 0.000E+00
5.012E+03 0.000E+00 5.450E+00 0.000E+00
6.310E+03 0.000E+00 1.147E+01 0.000E+00
7.943E+03 0.000E+00 2.136E+01 0.000E+00
1.000E+04 0.000E+00 3.459E+01 0.000E+00
1.259E+04 0.000E+00 4.921E+01 0.000E+00
1.585E+04 0.000E+00 6.474E+01 0.000E+00
1.995E+04 0.000E+00 8.474E+01 0.000E+00
2.512E+04 0.000E+00 1.135E+02 0.000E+00
3.162E+04 0.000E+00 1.483E+02 0.000E+00
3.981E+04 0.000E+00 1.772E+02 0.000E+00
5.012E+04 0.000E+00 1.881E+02 0.000E+00

PAH
3.548E-03= radius (micron)
T_rad    <Qem>/a   <Qabs>/a  <Qpr>/a (micron-1)
5.012E+00 7.196E-06 7.196E-06 0.000E+00
6.310E+00 1.124E-05 1.124E-05 0.000E+00
7.943E+00 1.761E-05 1.761E-05 0.000E+00
1.000E+01 2.768E-05 2.768E-05 0.000E+00
1.259E+01 4.365E-05 4.365E-05 0.000E+00
1.585E+01 6.901E-05 6.901E-05 0.000E+00
1.995E+01 1.093E-04 1.093E-04 0.000E+00
2.512E+01 1.731E-04 1.731E-04 0.000E+00
3.162E+01 2.730E-04 2.730E-04 0.000E+00
3.981E+01 4.276E-04 4.276E-04 0.000E+00
5.012E+01 6.640E-04 6.640E-04 0.000E+00
6.310E+01 1.029E-03 1.029E-03 0.000E+00
7.943E+01 1.620E-03 1.620E-03 0.000E+00
1.000E+02 2.616E-03 2.616E-03 0.000E+00
1.259E+02 4.262E-03 4.262E-03 0.000E+00
1.585E+02 6.690E-03 6.690E-03 0.000E+00
1.995E+02 9.725E-03 9.725E-03 0.000E+00
2.512E+02 1.288E-02 1.288E-02 0.000E+00
3.162E+02 1.546E-02 1.546E-02 0.000E+00
3.981E+02 1.683E-02 1.683E-02 0.000E+00
5.012E+02 1.689E-02 1.689E-02 0.000E+00
6.310E+02 1.614E-02 1.614E-02 0.000E+00
7.943E+02 1.513E-02 1.513E-02 0.000E+00
1.000E+03 1.430E-02 1.430E-02 0.000E+00
1.259E+03 1.496E-02 1.496E-02 0.000E+00
1.585E+03 2.466E-02 2.466E-02 0.000E+00
1.995E+03 0.000E+00 7.600E-02 0.000E+00
2.512E+03 0.000E+00 2.713E-01 0.000E+00
3.162E+03 0.000E+00 8.556E-01 0.000E+00
3.981E+03 0.000E+00 2.309E+00 0.000E+00
5.012E+03 0.000E+00 5.453E+00 0.000E+00
6.310E+03 0.000E+00 1.147E+01 0.000E+00
7.943E+03 0.000E+00 2.136E+01 0.000E+00
1.000E+04 0.000E+00 3.459E+01 0.000E+00
1.259E+04 0.000E+00 4.921E+01 0.000E+00
1.585E+04 0.000E+00 6.474E+01 0.000E+00
1.995E+04 0.000E+00 8.473E+01 0.000E+00
2.512E+04 0.000E+00 1.135E+02 0.000E+00
3.162E+04 0.000E+00 1.482E+02 0.000E+00
3.981E+04 0.000E+00 1.769E+02 0.000E+00
5.012E+04 0.000E+00 1.875E+02 0.000E+00

PAH
3.981E-03= radius (micron)
T_rad    <Qem>/a   <Qabs>/a  <Qpr>/a (micron-1)
5.012E+00 7.160E-06 7.160E-06 0.000E+00
6.310E+00 1.118E-05 1.118E-05 0.000E+00
7.943E+00 1.752E-05 1.752E-05 0.000E+00
1.000E+01 2.753E-05 2.753E-05 0.000E+00
1.259E+01 4.340E-05 4.340E-05 0.000E+00
1.585E+01 6.862E-05 6.862E-05 0.000E+00
1.995E+01 1.087E-04 1.087E-04 0.000E+00
2.512E+01 1.724E-04 1.724E-04 0.000E+00
3.162E+01 2.724E-04 2.724E-04 0.000E+00
3.981E+01 4.273E-04 4.273E-04 0.000E+00
5.012E+01 6.646E-04 6.646E-04 0.000E+00
6.310E+01 1.032E-03 1.032E-03 0.000E+00
7.943E+01 1.624E-03 1.624E-03 0.000E+00
1.000E+02 2.621E-03 2.621E-03 0.000E+00
1.259E+02 4.267E-03 4.267E-03 0.000E+00
1.585E+02 6.694E-03 6.694E-03 0.000E+00
1.995E+02 9.729E-03 9.729E-03 0.000E+00
2.512E+02 1.288E-02 1.288E-02 0.000E+00
3.162E+02 1.546E-02 1.546E-02 0.000E+00
3.981E+02 1.683E-02 1.683E-02 0.000E+00
5.012E+02 1.689E-02 1.689E-02 0.000E+00
6.310E+02 1.614E-02 1.614E-02 0.000E+00
7.943E+02 1.513E-02 1.513E-02 0.000E+00
1.000E+03 1.430E-02 1.430E-02 0.000E+00
1.259E+03 1.499E-02 1.499E-02 0.000E+00
1.585E+03 2.481E-02 2.481E-02 0.000E+00
1.995E+03 0.000E+00 7.650E-02 0.000E+00
2.512E+03 0.000E+00 2.724E-01 0.000E+00
3.162E+03 0.000E+00 8.573E-01 0.000E+00
3.981E+03 0.000E+00 2.311E+00 0.000E+00
5.012E+03 0.000E+00 5.455E+00 0.000E+00
6.310E+03 0.000E+00 1.148E+01 0.000E+00
7.943E+03 0.000E+00 2.136E+01 0.000E+00
1.000E+04 0.000E+00 3.459E+01 0.000E+00
1.259E+04 0.000E+00 4.921E+01 0.000E+00
1.585E+04 0.000E+00 6.474E+01 0.000E+00
1.995E+04 0.000E+00 8.473E+01 0.000E+00
2.512E+04 0.000E+00 1.134E+02 0.000E+00
3.162E+04 0.000E+00 1.480E+02 0.000E+00
3.981E+04 0.000E+00 1.765E+02 0.000E+00
5.012E+04 0.000E+00 1.868E+02 0.000E+00

PAH
4.467E-03= radius (micron)
T_rad    <Qem>/a   <Qabs>/a  <Qpr>/a (micron-1)
5.012E+00 7.128E-06 7.128E-06 0.000E+00
6.310E+00 1.113E-05 1.113E-05 0.000E+00
7.943E+00 1.744E-05 1.744E-05 0.000E+00
1.000E+01 2.739E-05 2.739E-05 0.000E+00
1.259E+01 4.318E-05 4.318E-05 0.000E+00
1.585E+01 6.829E-05 6.829E-05 0.000E+00
1.995E+01 1.083E-04 1.083E-04 0.000E+00
2.512E+01 1.718E-04 1.718E-04 0.000E+00
3.162E+01 2.718E-04 2.718E-04 0.000E+00
3.981E+01 4.271E-04 4.271E-04 0.000E+00
5.012E+01 6.653E-04 6.653E-04 0.000E+00
6.310E+01 1.033E-03 1.033E-03 0.000E+00
7.943E+01 1.627E-03 1.627E-03 0.000E+00
1.000E+02 2.625E-03 2.625E-03 0.000E+00
1.259E+02 4.271E-03 4.271E-03 0.000E+00
1.585E+02 6.698E-03 6.698E-03 0.000E+00
1.995E+02 9.731E-03 9.731E-03 0.000E+00
2.512E+02 1.288E-02 1.288E-02 0.000E+00
3.162E+02 1.546E-02 1.546E-02 0.000E+00
3.981E+02 1.683E-02 1.683E-02 0.000E+00
5.012E+02 1.689E-02 1.689E-02 0.000E+00
6.310E+02 1.614E-02 1.614E-02 0.000E+00
7.943E+02 1.513E-02 1.513E-02 0.000E+00
1.000E+03 1.431E-02 1.431E-02 0.000E+00
1.259E+03 1.501E-02 1.501E-02 0.000E+00
1.585E+03 2.493E-02 2.493E-02 0.000E+00
1.995E+03 0.000E+00 7.691E-02 0.000E+00
2.512E+03 0.000E+00 2.733E-01 0.000E+00
3.162E+03 0.000E+00 8.588E-01 0.000E+00
3.981E+03 0.000E+00 2.313E+00 0.000E+00
5.012E+03 0.000E+00 5.457E+00 0.000E+00
6.310E+03 0.000E+00 1.148E+01 0.000E+00
7.943E+03 0.000E+00 2.136E+01 0.000E+00
1.000E+04 0.000E+00 3.459E+01 0.000E+00
1.259E+04 0.000E+00 4.921E+01 0.000E+00
1.585E+04 0.000E+00 6.474E+01 0.000E+00
1.995E+04 0.000E+00 8.472E+01 0.000E+00
2.512E+04 0.000E+00 1.134E+02 0.000E+00
3.162E+04 0.000E+00 1.478E+02 0.000E+00
3.981E+04 0.000E+00 1.760E+02 0.000E+00
5.012E+04 0.000E+00 1.860E+02 0.000E+00

PAH
5.012E-03= radius (micron)
T_rad    <Qem>/a   <Qabs>/a  <Qpr>/a (micron-1)
5.012E+00 9.931E-06 9.931E-06 0.000E+00
6.310E+00 1.547E-05 1.547E-05 0.000E+00
7.943E+00 2.415E-05 2.415E-05 0.000E+00
1.000E+01 3.784E-05 3.784E-05 0.000E+00
1.259E+01 5.952E-05 5.952E-05 0.000E+00
1.585E+01 9.396E-05 9.396E-05 0.000E+00
1.995E+01 1.487E-04 1.487E-04 0.000E+00
2.512E+01 2.355E-04 2.355E-04 0.000E+00
3.162E+01 3.709E-04 3.709E-04 0.000E+00
3.981E+01 5.774E-04 5.774E-04 0.000E+00
5.012E+01 8.830E-04 8.830E-04 0.000E+00
6.310E+01 1.329E-03 1.329E-03 0.000E+00
7.943E+01 1.998E-03 1.998E-03 0.000E+00
1.000E+02 3.055E-03 3.055E-03 0.000E+00
1.259E+02 4.733E-03 4.733E-03 0.000E+00
1.585E+02 7.168E-03 7.168E-03 0.000E+00
1.995E+02 1.020E-02 1.020E-02 0.000E+00
2.512E+02 1.337E-02 1.337E-02 0.000E+00
3.162E+02 1.601E-02 1.601E-02 0.000E+00
3.981E+02 1.753E-02 1.753E-02 0.000E+00
5.012E+02 1.786E-02 1.786E-02 0.000E+00
6.310E+02 1.752E-02 1.752E-02 0.000E+00
7.943E+02 1.712E-02 1.712E-02 0.000E+00
1.000E+03 1.719E-02 1.719E-02 0.000E+00
1.259E+03 1.917E-02 1.917E-02 0.000E+00
1.585E+03 3.092E-02 3.092E-02 0.000E+00
1.995E+03 0.000E+00 8.538E-02 0.000E+00
2.512E+03 0.000E+00 2.845E-01 0.000E+00
3.162E+03 0.000E+00 8.717E-01 0.000E+00
3.981E+03 0.000E+00 2.324E+00 0.000E+00
5.012E+03 0.000E+00 5.458E+00 0.000E+00
6.310E+03 0.000E+00 1.146E+01 0.000E+00
7.943E+03 0.000E+00 2.131E+01 0.000E+00
1.000E+04 0.000E+00 3.451E+01 0.000E+00
1.259E+04 0.000E+00 4.908E+01 0.000E+00
1.585E+04 0.000E+00 6.456E+01 0.000E+00
1.995E+04 0.000E+00 8.448E+01 0.000E+00
2.512E+04 0.000E+00 1.130E+02 0.000E+00
3.162E+04 0.000E+00 1.472E+02 0.000E+00
3.981E+04 0.000E+00 1.751E+02 0.000E+00
5.012E+04 0.000E+00 1.846E+02 0.000E+00

PAH
5.623E-03= radius (micron)
T_rad    <Qem>/a   <Qabs>/a  <Qpr>/a (micron-1)
5.012E+00 1.253E-04 1.253E-04 0.000E+00
6.310E+00 1.939E-04 1.939E-04 0.000E+00
7.943E+00 3.007E-04 3.007E-04 0.000E+00
1.000E+01 4.683E-04 4.683E-04 0.000E+00
1.259E+01 7.327E-04 7.327E-04 0.000E+00
1.585E+01 1.152E-03 1.152E-03 0.000E+00
1.995E+01 1.816E-03 1.816E-03 0.000E+00
2.512E+01 2.857E-03 2.857E-03 0.000E+00
3.162E+01 4.447E-03 4.447E-03 0.000E+00
3.981E+01 6.749E-03 6.749E-03 0.000E+00
5.012E+01 9.809E-03 9.809E-03 0.000E+00
6.310E+01 1.343E-02 1.343E-02 0.000E+00
7.943E+01 1.719E-02 1.719E-02 0.000E+00
1.000E+02 2.065E-02 2.065E-02 0.000E+00
1.259E+02 2.364E-02 2.364E-02 0.000E+00
1.585E+02 2.641E-02 2.641E-02 0.000E+00
1.995E+02 2.947E-02 2.947E-02 0.000E+00
2.512E+02 3.340E-02 3.340E-02 0.000E+00
3.162E+02 3.880E-02 3.880E-02 0.000E+00
3.981E+02 4.642E-02 4.642E-02 0.000E+00
5.012E+02 5.751E-02 5.751E-02 0.000E+00
6.310E+02 7.410E-02 7.410E-02 0.000E+00
7.943E+02 9.884E-02 9.884E-02 0.000E+00
1.000E+03 1.352E-01 1.352E-01 0.000E+00
1.259E+03 1.890E-01 1.890E-01 0.000E+00
1.585E+03 2.724E-01 2.724E-01 0.000E+00
1.995E+03 0.000E+00 4.191E-01 0.000E+00
2.512E+03 0.000E+00 7.156E-01 0.000E+00
3.162E+03 0.000E+00 1.355E+00 0.000E+00
3.981E+03 0.000E+00 2.714E+00 0.000E+00
5.012E+03 0.000E+00 5.462E+00 0.000E+00
6.310E+03 0.000E+00 1.064E+01 0.000E+00
7.943E+03 0.000E+00 1.922E+01 0.000E+00
1.000E+04 0.000E+00 3.083E+01 0.000E+00
1.259E+04 0.000E+00 4.367E+01 0.000E+00
1.585E+04 0.000E+00 5.724E+01 0.000E+00
1.995E+04 0.000E+00 7.493E+01 0.000E+00
2.512E+04 0.000E+00 1.008E+02 0.000E+00
3.162E+04 0.000E+00 1.323E+02 0.000E+00
3.981E+04 0.000E+00 1.582E+02 0.000E+00
5.012E+04 0.000E+00 1.676E+02 0.000E+00

PAH
6.310E-03= radius (micron)
T_rad    <Qem>/a   <Qabs>/a  <Qpr>/a (micron-1)
5.012E+00 2.055E-04 2.055E-04 0.000E+00
6.310E+00 3.183E-04 3.183E-04 0.000E+00
7.943E+00 4.938E-04 4.938E-04 0.000E+00
1.000E+01 7.689E-04 7.689E-04 0.000E+00
1.259E+01 1.203E-03 1.203E-03 0.000E+00
1.585E+01 1.890E-03 1.890E-03 0.000E+00
1.995E+01 2.980E-03 2.980E-03 0.000E+00
2.512E+01 4.692E-03 4.692E-03 0.000E+00
3.162E+01 7.312E-03 7.312E-03 0.000E+00
3.981E+01 1.111E-02 1.111E-02 0.000E+00
5.012E+01 1.615E-02 1.615E-02 0.000E+00
6.310E+01 2.207E-02 2.207E-02 0.000E+00
7.943E+01 2.807E-02 2.807E-02 0.000E+00
1.000E+02 3.326E-02 3.326E-02 0.000E+00
1.259E+02 3.719E-02 3.719E-02 0.000E+00
1.585E+02 4.019E-02 4.019E-02 0.000E+00
1.995E+02 4.324E-02 4.324E-02 0.000E+00
2.512E+02 4.768E-02 4.768E-02 0.000E+00
3.162E+02 5.502E-02 5.502E-02 0.000E+00
3.981E+02 6.694E-02 6.694E-02 0.000E+00
5.012E+02 8.566E-02 8.566E-02 0.000E+00
6.310E+02 1.142E-01 1.142E-01 0.000E+00
7.943E+02 1.568E-01 1.568E-01 0.000E+00
1.000E+03 2.190E-01 2.190E-01 0.000E+00
1.259E+03 3.094E-01 3.094E-01 0.000E+00
1.585E+03 4.437E-01 4.437E-01 0.000E+00
1.995E+03 0.000E+00 6.559E-01 0.000E+00
2.512E+03 0.000E+00 1.022E+00 0.000E+00
3.162E+03 0.000E+00 1.700E+00 0.000E+00
3.981E+03 0.000E+00 2.995E+00 0.000E+00
5.012E+03 0.000E+00 5.473E+00 0.000E+00
6.310E+03 0.000E+00 1.008E+01 0.000E+00
7.943E+03 0.000E+00 1.777E+01 0.000E+00
1.000E+04 0.000E+00 2.828E+01 0.000E+00
1.259E+04 0.000E+00 3.990E+01 0.000E+00
1.585E+04 0.000E+00 5.213E+01 0.000E+00
1.995E+04 0.000E+00 6.818E+01 0.000E+00
2.512E+04 0.000E+00 9.194E+01 0.000E+00
3.162E+04 0.000E+00 1.209E+02 0.000E+00
3.981E+04 0.000E+00 1.447E+02 0.000E+00
5.012E+04 0.000E+00 1.536E+02 0.000E+00

PAH
7.079E-03= radius (micron)
T_rad    <Qem>/a   <Qabs>/a  <Qpr>/a (micron-1)
5.012E+00 2.608E-04 2.608E-04 0.000E+00
6.310E+00 4.047E-04 4.047E-04 0.000E+00
7.943E+00 6.284E-04 6.284E-04 0.000E+00
1.000E+01 9.787E-04 9.787E-04 0.000E+00
1.259E+01 1.531E-03 1.531E-03 0.000E+00
1.585E+01 2.405E-03 2.405E-03 0.000E+00
1.995E+01 3.792E-03 3.792E-03 0.000E+00
2.512E+01 5.976E-03 5.976E-03 0.000E+00
3.162E+01 9.325E-03 9.325E-03 0.000E+00
3.981E+01 1.419E-02 1.419E-02 0.000E+00
5.012E+01 2.065E-02 2.065E-02 0.000E+00
6.310E+01 2.824E-02 2.824E-02 0.000E+00
7.943E+01 3.586E-02 3.586E-02 0.000E+00
1.000E+02 4.230E-02 4.230E-02 0.000E+00
1.259E+02 4.691E-02 4.691E-02 0.000E+00
1.585E+02 5.007E-02 5.007E-02 0.000E+00
1.995E+02 5.309E-02 5.309E-02 0.000E+00
2.512E+02 5.787E-02 5.787E-02 0.000E+00
3.162E+02 6.656E-02 6.656E-02 0.000E+00
3.981E+02 8.152E-02 8.152E-02 0.000E+00
5.012E+02 1.056E-01 1.056E-01 0.000E+00
6.310E+02 1.427E-01 1.427E-01 0.000E+00
7.943E+02 1.979E-01 1.979E-01 0.000E+00
1.000E+03 2.784E-01 2.784E-01 0.000E+00
1.259E+03 3.948E-01 3.948E-01 0.000E+00
1.585E+03 5.653E-01 5.653E-01 0.000E+00
1.995E+03 0.000E+00 8.242E-01 0.000E+00
2.512E+03 0.000E+00 1.240E+00 0.000E+00
3.162E+03 0.000E+00 1.946E+00 0.000E+00
3.981E+03 0.000E+00 3.198E+00 0.000E+00
5.012E+03 0.000E+00 5.491E+00 0.000E+00
6.310E+03 0.000E+00 9.704E+00 0.000E+00
7.943E+03 0.000E+00 1.678E+01 0.000E+00
1.000E+04 0.000E+00 2.652E+01 0.000E+00
1.259E+04 0.000E+00 3.730E+01 0.000E+00
1.585E+04 0.000E+00 4.859E+01 0.000E+00
1.995E+04 0.000E+00 6.338E+01 0.000E+00
2.512E+04 0.000E+00 8.525E+01 0.000E+00
3.162E+04 0.000E+00 1.117E+02 0.000E+00
3.981E+04 0.000E+00 1.334E+02 0.000E+00
5.012E+04 0.000E+00 1.413E+02 0.000E+00

PAH
7.943E-03= radius (micron)
T_rad    <Qem>/a   <Qabs>/a  <Qpr>/a (micron-1)
5.012E+00 2.988E-04 2.988E-04 0.000E+00
6.310E+00 4.644E-04 4.644E-04 0.000E+00
7.943E+00 7.220E-04 7.220E-04 0.000E+00
1.000E+01 1.125E-03 1.125E-03 0.000E+00
1.259E+01 1.759E-03 1.759E-03 0.000E+00
1.585E+01 2.764E-03 2.764E-03 0.000E+00
1.995E+01 4.360E-03 4.360E-03 0.000E+00
2.512E+01 6.875E-03 6.875E-03 0.000E+00
3.162E+01 1.074E-02 1.074E-02 0.000E+00
3.981E+01 1.636E-02 1.636E-02 0.000E+00
5.012E+01 2.386E-02 2.386E-02 0.000E+00
6.310E+01 3.264E-02 3.264E-02 0.000E+00
7.943E+01 4.145E-02 4.145E-02 0.000E+00
1.000E+02 4.880E-02 4.880E-02 0.000E+00
1.259E+02 5.390E-02 5.390E-02 0.000E+00
1.585E+02 5.715E-02 5.715E-02 0.000E+00
1.995E+02 6.014E-02 6.014E-02 0.000E+00
2.512E+02 6.516E-02 6.516E-02 0.000E+00
3.162E+02 7.480E-02 7.480E-02 0.000E+00
3.981E+02 9.191E-02 9.191E-02 0.000E+00
5.012E+02 1.199E-01 1.199E-01 0.000E+00
6.310E+02 1.630E-01 1.630E-01 0.000E+00
7.943E+02 2.271E-01 2.271E-01 0.000E+00
1.000E+03 3.206E-01 3.206E-01 0.000E+00
1.259E+03 4.556E-01 4.556E-01 0.000E+00
1.585E+03 6.519E-01 6.519E-01 0.000E+00
1.995E+03 0.000E+00 9.441E-01 0.000E+00
2.512E+03 0.000E+00 1.395E+00 0.000E+00
3.162E+03 0.000E+00 2.123E+00 0.000E+00
3.981E+03 0.000E+00 3.348E+00 0.000E+00
5.012E+03 0.000E+00 5.516E+00 0.000E+00
6.310E+03 0.000E+00 9.463E+00 0.000E+00
7.943E+03 0.000E+00 1.612E+01 0.000E+00
1.000E+04 0.000E+00 2.534E+01 0.000E+00
1.259E+04 0.000E+00 3.554E+01 0.000E+00
1.585E+04 0.000E+00 4.614E+01 0.000E+00
1.995E+04 0.000E+00 5.991E+01 0.000E+00
2.512E+04 0.000E+00 8.000E+01 0.000E+00
3.162E+04 0.000E+00 1.040E+02 0.000E+00
3.981E+04 0.000E+00 1.232E+02 0.000E+00
5.012E+04 0.000E+00 1.299E+02 0.000E+00

PAH
8.913E-03= radius (micron)
T_rad    <Qem>/a   <Qabs>/a  <Qpr>/a (micron-1)
5.012E+00 3.243E-04 3.243E-04 0.000E+00
6.310E+00 5.052E-04 5.052E-04 0.000E+00
7.943E+00 7.868E-04 7.868E-04 0.000E+00
1.000E+01 1.227E-03 1.227E-03 0.000E+00
1.259E+01 1.919E-03 1.919E-03 0.000E+00
1.585E+01 3.015E-03 3.015E-03 0.000E+00
1.995E+01 4.756E-03 4.756E-03 0.000E+00
2.512E+01 7.503E-03 7.503E-03 0.000E+00
3.162E+01 1.173E-02 1.173E-02 0.000E+00
3.981E+01 1.790E-02 1.790E-02 0.000E+00
5.012E+01 2.613E-02 2.613E-02 0.000E+00
6.310E+01 3.580E-02 3.580E-02 0.000E+00
7.943E+01 4.546E-02 4.546E-02 0.000E+00
1.000E+02 5.348E-02 5.348E-02 0.000E+00
1.259E+02 5.893E-02 5.893E-02 0.000E+00
1.585E+02 6.225E-02 6.225E-02 0.000E+00
1.995E+02 6.521E-02 6.521E-02 0.000E+00
2.512E+02 7.037E-02 7.037E-02 0.000E+00
3.162E+02 8.068E-02 8.068E-02 0.000E+00
3.981E+02 9.932E-02 9.932E-02 0.000E+00
5.012E+02 1.300E-01 1.300E-01 0.000E+00
6.310E+02 1.774E-01 1.774E-01 0.000E+00
7.943E+02 2.480E-01 2.480E-01 0.000E+00
1.000E+03 3.507E-01 3.507E-01 0.000E+00
1.259E+03 4.989E-01 4.989E-01 0.000E+00
1.585E+03 7.137E-01 7.137E-01 0.000E+00
1.995E+03 0.000E+00 1.030E+00 0.000E+00
2.512E+03 0.000E+00 1.507E+00 0.000E+00
3.162E+03 0.000E+00 2.251E+00 0.000E+00
3.981E+03 0.000E+00 3.461E+00 0.000E+00
5.012E+03 0.000E+00 5.549E+00 0.000E+00
6.310E+03 0.000E+00 9.321E+00 0.000E+00
7.943E+03 0.000E+00 1.570E+01 0.000E+00
1.000E+04 0.000E+00 2.456E+01 0.000E+00
1.259E+04 0.000E+00 3.436E+01 0.000E+00
1.585E+04 0.000E+00 4.445E+01 0.000E+00
1.995E+04 0.000E+00 5.729E+01 0.000E+00
2.512E+04 0.000E+00 7.560E+01 0.000E+00
3.162E+04 0.000E+00 9.696E+01 0.000E+00
3.981E+04 0.000E+00 1.137E+02 0.000E+00
5.012E+04 0.000E+00 1.191E+02 0.000E+00

PAH
1.000E-02= radius (micron)
T_rad    <Qem>/a   <Qabs>/a  <Qpr>/a (micron-1)
5.012E+00 3.413E-04 3.413E-04 0.000E+00
6.310E+00 5.329E-04 5.329E-04 0.000E+00
7.943E+00 8.312E-04 8.312E-04 0.000E+00
1.000E+01 1.298E-03 1.298E-03 0.000E+00
1.259E+01 2.031E-03 2.031E-03 0.000E+00
1.585E+01 3.190E-03 3.190E-03 0.000E+00
1.995E+01 5.033E-03 5.033E-03 0.000E+00
2.512E+01 7.943E-03 7.943E-03 0.000E+00
3.162E+01 1.243E-02 1.243E-02 0.000E+00
3.981E+01 1.899E-02 1.899E-02 0.000E+00
5.012E+01 2.776E-02 2.776E-02 0.000E+00
6.310E+01 3.806E-02 3.806E-02 0.000E+00
7.943E+01 4.837E-02 4.837E-02 0.000E+00
1.000E+02 5.689E-02 5.689E-02 0.000E+00
1.259E+02 6.263E-02 6.263E-02 0.000E+00
1.585E+02 6.621E-02 6.621E-02 0.000E+00
1.995E+02 6.984E-02 6.984E-02 0.000E+00
2.512E+02 7.666E-02 7.666E-02 0.000E+00
3.162E+02 8.966E-02 8.966E-02 0.000E+00
3.981E+02 1.114E-01 1.114E-01 0.000E+00
5.012E+02 1.448E-01 1.448E-01 0.000E+00
6.310E+02 1.948E-01 1.948E-01 0.000E+00
7.943E+02 2.688E-01 2.688E-01 0.000E+00
1.000E+03 3.775E-01 3.775E-01 0.000E+00
1.259E+03 5.376E-01 5.376E-01 0.000E+00
1.585E+03 7.737E-01 7.737E-01 0.000E+00
1.995E+03 0.000E+00 1.122E+00 0.000E+00
2.512E+03 0.000E+00 1.636E+00 0.000E+00
3.162E+03 0.000E+00 2.411E+00 0.000E+00
3.981E+03 0.000E+00 3.628E+00 0.000E+00
5.012E+03 0.000E+00 5.684E+00 0.000E+00
6.310E+03 0.000E+00 9.366E+00 0.000E+00
7.943E+03 0.000E+00 1.559E+01 0.000E+00
1.000E+04 0.000E+00 2.425E+01 0.000E+00
1.259E+04 0.000E+00 3.378E+01 0.000E+00
1.585E+04 0.000E+00 4.348E+01 0.000E+00
1.995E+04 0.000E+00 5.543E+01 0.000E+00
2.512E+04 0.000E+00 7.190E+01 0.000E+00
3.162E+04 0.000E+00 9.056E+01 0.000E+00
3.981E+04 0.000E+00 1.047E+02 0.000E+00
5.012E+04 0.000E+00 1.087E+02 0.000E+00
