bb01
Planck-averaged Q_em, Q_abs calculated by CREATEPLANCKAV
 
 
Emissivity <Qem> is computed only for T<       1500.0000
Planck-averaged Q_em for T_d=T_rad
Planck-averaged Q_abs and Q_pr for T_d= 25.00K
38 temperature bins
25 grain sizes:
   0.00100000
   0.00200000
   0.00300000
   0.00500000
   0.00600000
   0.00700000
   0.01000000
    0.0150000
    0.0200000
    0.0300000
    0.0500000
    0.0700000
     0.100000
     0.150000
     0.200000
     0.300000
     0.500000
     0.700000
      1.00000
      1.50000
      2.00000
      3.00000
      5.00000
      7.00000
      10.0000
 
bb01
1.000E-03= radius (micron)
  T_rad    <Qem>/a   <Qabs>/a  dummy  (micron-1)
1.000E+01 9.965E+02 9.965E+02 0.000E+00
1.259E+01 9.981E+02 9.981E+02 0.000E+00
1.585E+01 9.990E+02 9.990E+02 0.000E+00
1.995E+01 9.995E+02 9.995E+02 0.000E+00
2.512E+01 9.997E+02 9.997E+02 0.000E+00
3.162E+01 9.999E+02 9.999E+02 0.000E+00
3.981E+01 9.999E+02 9.999E+02 0.000E+00
5.012E+01 1.000E+03 1.000E+03 0.000E+00
6.310E+01 1.000E+03 1.000E+03 0.000E+00
7.943E+01 1.000E+03 1.000E+03 0.000E+00
1.000E+02 1.000E+03 1.000E+03 0.000E+00
1.259E+02 1.000E+03 1.000E+03 0.000E+00
1.585E+02 1.000E+03 1.000E+03 0.000E+00
1.995E+02 1.000E+03 1.000E+03 0.000E+00
2.512E+02 1.000E+03 1.000E+03 0.000E+00
3.162E+02 1.000E+03 1.000E+03 0.000E+00
3.981E+02 1.000E+03 1.000E+03 0.000E+00
5.012E+02 1.000E+03 1.000E+03 0.000E+00
6.310E+02 1.000E+03 1.000E+03 0.000E+00
7.943E+02 1.000E+03 1.000E+03 0.000E+00
1.000E+03 1.000E+03 1.000E+03 0.000E+00
1.259E+03 1.000E+03 1.000E+03 0.000E+00
1.585E+03 0.000E+00 0.000E+00 0.000E+00
1.995E+03 0.000E+00 0.000E+00 0.000E+00
2.512E+03 0.000E+00 0.000E+00 0.000E+00
3.162E+03 0.000E+00 0.000E+00 0.000E+00
3.981E+03 0.000E+00 0.000E+00 0.000E+00
5.012E+03 0.000E+00 0.000E+00 0.000E+00
6.310E+03 0.000E+00 0.000E+00 0.000E+00
7.943E+03 0.000E+00 0.000E+00 0.000E+00
1.000E+04 0.000E+00 0.000E+00 0.000E+00
1.259E+04 0.000E+00 0.000E+00 0.000E+00
1.585E+04 0.000E+00 0.000E+00 0.000E+00
1.995E+04 0.000E+00 0.000E+00 0.000E+00
2.512E+04 0.000E+00 0.000E+00 0.000E+00
3.162E+04 0.000E+00 0.000E+00 0.000E+00
3.981E+04 0.000E+00 0.000E+00 0.000E+00
5.012E+04 0.000E+00 0.000E+00 0.000E+00
 
bb01
2.000E-03= radius (micron)
  T_rad    <Qem>/a   <Qabs>/a  dummy  (micron-1)
1.000E+01 4.983E+02 4.983E+02 0.000E+00
1.259E+01 4.991E+02 4.991E+02 0.000E+00
1.585E+01 4.995E+02 4.995E+02 0.000E+00
1.995E+01 4.997E+02 4.997E+02 0.000E+00
2.512E+01 4.999E+02 4.999E+02 0.000E+00
3.162E+01 4.999E+02 4.999E+02 0.000E+00
3.981E+01 5.000E+02 5.000E+02 0.000E+00
5.012E+01 5.000E+02 5.000E+02 0.000E+00
6.310E+01 5.000E+02 5.000E+02 0.000E+00
7.943E+01 5.000E+02 5.000E+02 0.000E+00
1.000E+02 5.000E+02 5.000E+02 0.000E+00
1.259E+02 5.000E+02 5.000E+02 0.000E+00
1.585E+02 5.000E+02 5.000E+02 0.000E+00
1.995E+02 5.000E+02 5.000E+02 0.000E+00
2.512E+02 5.000E+02 5.000E+02 0.000E+00
3.162E+02 5.000E+02 5.000E+02 0.000E+00
3.981E+02 5.000E+02 5.000E+02 0.000E+00
5.012E+02 5.000E+02 5.000E+02 0.000E+00
6.310E+02 5.000E+02 5.000E+02 0.000E+00
7.943E+02 5.000E+02 5.000E+02 0.000E+00
1.000E+03 5.000E+02 5.000E+02 0.000E+00
1.259E+03 5.000E+02 5.000E+02 0.000E+00
1.585E+03 0.000E+00 0.000E+00 0.000E+00
1.995E+03 0.000E+00 0.000E+00 0.000E+00
2.512E+03 0.000E+00 0.000E+00 0.000E+00
3.162E+03 0.000E+00 0.000E+00 0.000E+00
3.981E+03 0.000E+00 0.000E+00 0.000E+00
5.012E+03 0.000E+00 0.000E+00 0.000E+00
6.310E+03 0.000E+00 0.000E+00 0.000E+00
7.943E+03 0.000E+00 0.000E+00 0.000E+00
1.000E+04 0.000E+00 0.000E+00 0.000E+00
1.259E+04 0.000E+00 0.000E+00 0.000E+00
1.585E+04 0.000E+00 0.000E+00 0.000E+00
1.995E+04 0.000E+00 0.000E+00 0.000E+00
2.512E+04 0.000E+00 0.000E+00 0.000E+00
3.162E+04 0.000E+00 0.000E+00 0.000E+00
3.981E+04 0.000E+00 0.000E+00 0.000E+00
5.012E+04 0.000E+00 0.000E+00 0.000E+00
 
bb01
3.000E-03= radius (micron)
  T_rad    <Qem>/a   <Qabs>/a  dummy  (micron-1)
1.000E+01 3.322E+02 3.322E+02 0.000E+00
1.259E+01 3.327E+02 3.327E+02 0.000E+00
1.585E+01 3.330E+02 3.330E+02 0.000E+00
1.995E+01 3.332E+02 3.332E+02 0.000E+00
2.512E+01 3.332E+02 3.332E+02 0.000E+00
3.162E+01 3.333E+02 3.333E+02 0.000E+00
3.981E+01 3.333E+02 3.333E+02 0.000E+00
5.012E+01 3.333E+02 3.333E+02 0.000E+00
6.310E+01 3.333E+02 3.333E+02 0.000E+00
7.943E+01 3.333E+02 3.333E+02 0.000E+00
1.000E+02 3.333E+02 3.333E+02 0.000E+00
1.259E+02 3.333E+02 3.333E+02 0.000E+00
1.585E+02 3.333E+02 3.333E+02 0.000E+00
1.995E+02 3.333E+02 3.333E+02 0.000E+00
2.512E+02 3.333E+02 3.333E+02 0.000E+00
3.162E+02 3.333E+02 3.333E+02 0.000E+00
3.981E+02 3.333E+02 3.333E+02 0.000E+00
5.012E+02 3.333E+02 3.333E+02 0.000E+00
6.310E+02 3.333E+02 3.333E+02 0.000E+00
7.943E+02 3.333E+02 3.333E+02 0.000E+00
1.000E+03 3.333E+02 3.333E+02 0.000E+00
1.259E+03 3.333E+02 3.333E+02 0.000E+00
1.585E+03 0.000E+00 0.000E+00 0.000E+00
1.995E+03 0.000E+00 0.000E+00 0.000E+00
2.512E+03 0.000E+00 0.000E+00 0.000E+00
3.162E+03 0.000E+00 0.000E+00 0.000E+00
3.981E+03 0.000E+00 0.000E+00 0.000E+00
5.012E+03 0.000E+00 0.000E+00 0.000E+00
6.310E+03 0.000E+00 0.000E+00 0.000E+00
7.943E+03 0.000E+00 0.000E+00 0.000E+00
1.000E+04 0.000E+00 0.000E+00 0.000E+00
1.259E+04 0.000E+00 0.000E+00 0.000E+00
1.585E+04 0.000E+00 0.000E+00 0.000E+00
1.995E+04 0.000E+00 0.000E+00 0.000E+00
2.512E+04 0.000E+00 0.000E+00 0.000E+00
3.162E+04 0.000E+00 0.000E+00 0.000E+00
3.981E+04 0.000E+00 0.000E+00 0.000E+00
5.012E+04 0.000E+00 0.000E+00 0.000E+00
 
bb01
5.000E-03= radius (micron)
  T_rad    <Qem>/a   <Qabs>/a  dummy  (micron-1)
1.000E+01 1.993E+02 1.993E+02 0.000E+00
1.259E+01 1.996E+02 1.996E+02 0.000E+00
1.585E+01 1.998E+02 1.998E+02 0.000E+00
1.995E+01 1.999E+02 1.999E+02 0.000E+00
2.512E+01 1.999E+02 1.999E+02 0.000E+00
3.162E+01 2.000E+02 2.000E+02 0.000E+00
3.981E+01 2.000E+02 2.000E+02 0.000E+00
5.012E+01 2.000E+02 2.000E+02 0.000E+00
6.310E+01 2.000E+02 2.000E+02 0.000E+00
7.943E+01 2.000E+02 2.000E+02 0.000E+00
1.000E+02 2.000E+02 2.000E+02 0.000E+00
1.259E+02 2.000E+02 2.000E+02 0.000E+00
1.585E+02 2.000E+02 2.000E+02 0.000E+00
1.995E+02 2.000E+02 2.000E+02 0.000E+00
2.512E+02 2.000E+02 2.000E+02 0.000E+00
3.162E+02 2.000E+02 2.000E+02 0.000E+00
3.981E+02 2.000E+02 2.000E+02 0.000E+00
5.012E+02 2.000E+02 2.000E+02 0.000E+00
6.310E+02 2.000E+02 2.000E+02 0.000E+00
7.943E+02 2.000E+02 2.000E+02 0.000E+00
1.000E+03 2.000E+02 2.000E+02 0.000E+00
1.259E+03 2.000E+02 2.000E+02 0.000E+00
1.585E+03 0.000E+00 0.000E+00 0.000E+00
1.995E+03 0.000E+00 0.000E+00 0.000E+00
2.512E+03 0.000E+00 0.000E+00 0.000E+00
3.162E+03 0.000E+00 0.000E+00 0.000E+00
3.981E+03 0.000E+00 0.000E+00 0.000E+00
5.012E+03 0.000E+00 0.000E+00 0.000E+00
6.310E+03 0.000E+00 0.000E+00 0.000E+00
7.943E+03 0.000E+00 0.000E+00 0.000E+00
1.000E+04 0.000E+00 0.000E+00 0.000E+00
1.259E+04 0.000E+00 0.000E+00 0.000E+00
1.585E+04 0.000E+00 0.000E+00 0.000E+00
1.995E+04 0.000E+00 0.000E+00 0.000E+00
2.512E+04 0.000E+00 0.000E+00 0.000E+00
3.162E+04 0.000E+00 0.000E+00 0.000E+00
3.981E+04 0.000E+00 0.000E+00 0.000E+00
5.012E+04 0.000E+00 0.000E+00 0.000E+00
 
bb01
6.000E-03= radius (micron)
  T_rad    <Qem>/a   <Qabs>/a  dummy  (micron-1)
1.000E+01 1.661E+02 1.661E+02 0.000E+00
1.259E+01 1.664E+02 1.664E+02 0.000E+00
1.585E+01 1.665E+02 1.665E+02 0.000E+00
1.995E+01 1.666E+02 1.666E+02 0.000E+00
2.512E+01 1.666E+02 1.666E+02 0.000E+00
3.162E+01 1.666E+02 1.666E+02 0.000E+00
3.981E+01 1.667E+02 1.667E+02 0.000E+00
5.012E+01 1.667E+02 1.667E+02 0.000E+00
6.310E+01 1.667E+02 1.667E+02 0.000E+00
7.943E+01 1.667E+02 1.667E+02 0.000E+00
1.000E+02 1.667E+02 1.667E+02 0.000E+00
1.259E+02 1.667E+02 1.667E+02 0.000E+00
1.585E+02 1.667E+02 1.667E+02 0.000E+00
1.995E+02 1.667E+02 1.667E+02 0.000E+00
2.512E+02 1.667E+02 1.667E+02 0.000E+00
3.162E+02 1.667E+02 1.667E+02 0.000E+00
3.981E+02 1.667E+02 1.667E+02 0.000E+00
5.012E+02 1.667E+02 1.667E+02 0.000E+00
6.310E+02 1.667E+02 1.667E+02 0.000E+00
7.943E+02 1.667E+02 1.667E+02 0.000E+00
1.000E+03 1.667E+02 1.667E+02 0.000E+00
1.259E+03 1.667E+02 1.667E+02 0.000E+00
1.585E+03 0.000E+00 0.000E+00 0.000E+00
1.995E+03 0.000E+00 0.000E+00 0.000E+00
2.512E+03 0.000E+00 0.000E+00 0.000E+00
3.162E+03 0.000E+00 0.000E+00 0.000E+00
3.981E+03 0.000E+00 0.000E+00 0.000E+00
5.012E+03 0.000E+00 0.000E+00 0.000E+00
6.310E+03 0.000E+00 0.000E+00 0.000E+00
7.943E+03 0.000E+00 0.000E+00 0.000E+00
1.000E+04 0.000E+00 0.000E+00 0.000E+00
1.259E+04 0.000E+00 0.000E+00 0.000E+00
1.585E+04 0.000E+00 0.000E+00 0.000E+00
1.995E+04 0.000E+00 0.000E+00 0.000E+00
2.512E+04 0.000E+00 0.000E+00 0.000E+00
3.162E+04 0.000E+00 0.000E+00 0.000E+00
3.981E+04 0.000E+00 0.000E+00 0.000E+00
5.012E+04 0.000E+00 0.000E+00 0.000E+00
 
bb01
7.000E-03= radius (micron)
  T_rad    <Qem>/a   <Qabs>/a  dummy  (micron-1)
1.000E+01 1.424E+02 1.424E+02 0.000E+00
1.259E+01 1.426E+02 1.426E+02 0.000E+00
1.585E+01 1.427E+02 1.427E+02 0.000E+00
1.995E+01 1.428E+02 1.428E+02 0.000E+00
2.512E+01 1.428E+02 1.428E+02 0.000E+00
3.162E+01 1.428E+02 1.428E+02 0.000E+00
3.981E+01 1.428E+02 1.428E+02 0.000E+00
5.012E+01 1.429E+02 1.429E+02 0.000E+00
6.310E+01 1.429E+02 1.429E+02 0.000E+00
7.943E+01 1.429E+02 1.429E+02 0.000E+00
1.000E+02 1.429E+02 1.429E+02 0.000E+00
1.259E+02 1.429E+02 1.429E+02 0.000E+00
1.585E+02 1.429E+02 1.429E+02 0.000E+00
1.995E+02 1.429E+02 1.429E+02 0.000E+00
2.512E+02 1.429E+02 1.429E+02 0.000E+00
3.162E+02 1.429E+02 1.429E+02 0.000E+00
3.981E+02 1.429E+02 1.429E+02 0.000E+00
5.012E+02 1.429E+02 1.429E+02 0.000E+00
6.310E+02 1.429E+02 1.429E+02 0.000E+00
7.943E+02 1.429E+02 1.429E+02 0.000E+00
1.000E+03 1.429E+02 1.429E+02 0.000E+00
1.259E+03 1.429E+02 1.429E+02 0.000E+00
1.585E+03 0.000E+00 0.000E+00 0.000E+00
1.995E+03 0.000E+00 0.000E+00 0.000E+00
2.512E+03 0.000E+00 0.000E+00 0.000E+00
3.162E+03 0.000E+00 0.000E+00 0.000E+00
3.981E+03 0.000E+00 0.000E+00 0.000E+00
5.012E+03 0.000E+00 0.000E+00 0.000E+00
6.310E+03 0.000E+00 0.000E+00 0.000E+00
7.943E+03 0.000E+00 0.000E+00 0.000E+00
1.000E+04 0.000E+00 0.000E+00 0.000E+00
1.259E+04 0.000E+00 0.000E+00 0.000E+00
1.585E+04 0.000E+00 0.000E+00 0.000E+00
1.995E+04 0.000E+00 0.000E+00 0.000E+00
2.512E+04 0.000E+00 0.000E+00 0.000E+00
3.162E+04 0.000E+00 0.000E+00 0.000E+00
3.981E+04 0.000E+00 0.000E+00 0.000E+00
5.012E+04 0.000E+00 0.000E+00 0.000E+00
 
bb01
1.000E-02= radius (micron)
  T_rad    <Qem>/a   <Qabs>/a  dummy  (micron-1)
1.000E+01 9.965E+01 9.965E+01 0.000E+00
1.259E+01 9.981E+01 9.981E+01 0.000E+00
1.585E+01 9.990E+01 9.990E+01 0.000E+00
1.995E+01 9.995E+01 9.995E+01 0.000E+00
2.512E+01 9.997E+01 9.997E+01 0.000E+00
3.162E+01 9.999E+01 9.999E+01 0.000E+00
3.981E+01 9.999E+01 9.999E+01 0.000E+00
5.012E+01 1.000E+02 1.000E+02 0.000E+00
6.310E+01 1.000E+02 1.000E+02 0.000E+00
7.943E+01 1.000E+02 1.000E+02 0.000E+00
1.000E+02 1.000E+02 1.000E+02 0.000E+00
1.259E+02 1.000E+02 1.000E+02 0.000E+00
1.585E+02 1.000E+02 1.000E+02 0.000E+00
1.995E+02 1.000E+02 1.000E+02 0.000E+00
2.512E+02 1.000E+02 1.000E+02 0.000E+00
3.162E+02 1.000E+02 1.000E+02 0.000E+00
3.981E+02 1.000E+02 1.000E+02 0.000E+00
5.012E+02 1.000E+02 1.000E+02 0.000E+00
6.310E+02 1.000E+02 1.000E+02 0.000E+00
7.943E+02 1.000E+02 1.000E+02 0.000E+00
1.000E+03 1.000E+02 1.000E+02 0.000E+00
1.259E+03 1.000E+02 1.000E+02 0.000E+00
1.585E+03 0.000E+00 0.000E+00 0.000E+00
1.995E+03 0.000E+00 0.000E+00 0.000E+00
2.512E+03 0.000E+00 0.000E+00 0.000E+00
3.162E+03 0.000E+00 0.000E+00 0.000E+00
3.981E+03 0.000E+00 0.000E+00 0.000E+00
5.012E+03 0.000E+00 0.000E+00 0.000E+00
6.310E+03 0.000E+00 0.000E+00 0.000E+00
7.943E+03 0.000E+00 0.000E+00 0.000E+00
1.000E+04 0.000E+00 0.000E+00 0.000E+00
1.259E+04 0.000E+00 0.000E+00 0.000E+00
1.585E+04 0.000E+00 0.000E+00 0.000E+00
1.995E+04 0.000E+00 0.000E+00 0.000E+00
2.512E+04 0.000E+00 0.000E+00 0.000E+00
3.162E+04 0.000E+00 0.000E+00 0.000E+00
3.981E+04 0.000E+00 0.000E+00 0.000E+00
5.012E+04 0.000E+00 0.000E+00 0.000E+00
 
bb01
1.500E-02= radius (micron)
  T_rad    <Qem>/a   <Qabs>/a  dummy  (micron-1)
1.000E+01 6.643E+01 6.643E+01 0.000E+00
1.259E+01 6.654E+01 6.654E+01 0.000E+00
1.585E+01 6.660E+01 6.660E+01 0.000E+00
1.995E+01 6.663E+01 6.663E+01 0.000E+00
2.512E+01 6.665E+01 6.665E+01 0.000E+00
3.162E+01 6.666E+01 6.666E+01 0.000E+00
3.981E+01 6.666E+01 6.666E+01 0.000E+00
5.012E+01 6.666E+01 6.666E+01 0.000E+00
6.310E+01 6.667E+01 6.667E+01 0.000E+00
7.943E+01 6.667E+01 6.667E+01 0.000E+00
1.000E+02 6.667E+01 6.667E+01 0.000E+00
1.259E+02 6.667E+01 6.667E+01 0.000E+00
1.585E+02 6.667E+01 6.667E+01 0.000E+00
1.995E+02 6.667E+01 6.667E+01 0.000E+00
2.512E+02 6.667E+01 6.667E+01 0.000E+00
3.162E+02 6.667E+01 6.667E+01 0.000E+00
3.981E+02 6.667E+01 6.667E+01 0.000E+00
5.012E+02 6.667E+01 6.667E+01 0.000E+00
6.310E+02 6.667E+01 6.667E+01 0.000E+00
7.943E+02 6.667E+01 6.667E+01 0.000E+00
1.000E+03 6.667E+01 6.667E+01 0.000E+00
1.259E+03 6.667E+01 6.667E+01 0.000E+00
1.585E+03 0.000E+00 0.000E+00 0.000E+00
1.995E+03 0.000E+00 0.000E+00 0.000E+00
2.512E+03 0.000E+00 0.000E+00 0.000E+00
3.162E+03 0.000E+00 0.000E+00 0.000E+00
3.981E+03 0.000E+00 0.000E+00 0.000E+00
5.012E+03 0.000E+00 0.000E+00 0.000E+00
6.310E+03 0.000E+00 0.000E+00 0.000E+00
7.943E+03 0.000E+00 0.000E+00 0.000E+00
1.000E+04 0.000E+00 0.000E+00 0.000E+00
1.259E+04 0.000E+00 0.000E+00 0.000E+00
1.585E+04 0.000E+00 0.000E+00 0.000E+00
1.995E+04 0.000E+00 0.000E+00 0.000E+00
2.512E+04 0.000E+00 0.000E+00 0.000E+00
3.162E+04 0.000E+00 0.000E+00 0.000E+00
3.981E+04 0.000E+00 0.000E+00 0.000E+00
5.012E+04 0.000E+00 0.000E+00 0.000E+00
 
bb01
2.000E-02= radius (micron)
  T_rad    <Qem>/a   <Qabs>/a  dummy  (micron-1)
1.000E+01 4.983E+01 4.983E+01 0.000E+00
1.259E+01 4.991E+01 4.991E+01 0.000E+00
1.585E+01 4.995E+01 4.995E+01 0.000E+00
1.995E+01 4.997E+01 4.997E+01 0.000E+00
2.512E+01 4.999E+01 4.999E+01 0.000E+00
3.162E+01 4.999E+01 4.999E+01 0.000E+00
3.981E+01 5.000E+01 5.000E+01 0.000E+00
5.012E+01 5.000E+01 5.000E+01 0.000E+00
6.310E+01 5.000E+01 5.000E+01 0.000E+00
7.943E+01 5.000E+01 5.000E+01 0.000E+00
1.000E+02 5.000E+01 5.000E+01 0.000E+00
1.259E+02 5.000E+01 5.000E+01 0.000E+00
1.585E+02 5.000E+01 5.000E+01 0.000E+00
1.995E+02 5.000E+01 5.000E+01 0.000E+00
2.512E+02 5.000E+01 5.000E+01 0.000E+00
3.162E+02 5.000E+01 5.000E+01 0.000E+00
3.981E+02 5.000E+01 5.000E+01 0.000E+00
5.012E+02 5.000E+01 5.000E+01 0.000E+00
6.310E+02 5.000E+01 5.000E+01 0.000E+00
7.943E+02 5.000E+01 5.000E+01 0.000E+00
1.000E+03 5.000E+01 5.000E+01 0.000E+00
1.259E+03 5.000E+01 5.000E+01 0.000E+00
1.585E+03 0.000E+00 0.000E+00 0.000E+00
1.995E+03 0.000E+00 0.000E+00 0.000E+00
2.512E+03 0.000E+00 0.000E+00 0.000E+00
3.162E+03 0.000E+00 0.000E+00 0.000E+00
3.981E+03 0.000E+00 0.000E+00 0.000E+00
5.012E+03 0.000E+00 0.000E+00 0.000E+00
6.310E+03 0.000E+00 0.000E+00 0.000E+00
7.943E+03 0.000E+00 0.000E+00 0.000E+00
1.000E+04 0.000E+00 0.000E+00 0.000E+00
1.259E+04 0.000E+00 0.000E+00 0.000E+00
1.585E+04 0.000E+00 0.000E+00 0.000E+00
1.995E+04 0.000E+00 0.000E+00 0.000E+00
2.512E+04 0.000E+00 0.000E+00 0.000E+00
3.162E+04 0.000E+00 0.000E+00 0.000E+00
3.981E+04 0.000E+00 0.000E+00 0.000E+00
5.012E+04 0.000E+00 0.000E+00 0.000E+00
 
bb01
3.000E-02= radius (micron)
  T_rad    <Qem>/a   <Qabs>/a  dummy  (micron-1)
1.000E+01 3.322E+01 3.322E+01 0.000E+00
1.259E+01 3.327E+01 3.327E+01 0.000E+00
1.585E+01 3.330E+01 3.330E+01 0.000E+00
1.995E+01 3.332E+01 3.332E+01 0.000E+00
2.512E+01 3.332E+01 3.332E+01 0.000E+00
3.162E+01 3.333E+01 3.333E+01 0.000E+00
3.981E+01 3.333E+01 3.333E+01 0.000E+00
5.012E+01 3.333E+01 3.333E+01 0.000E+00
6.310E+01 3.333E+01 3.333E+01 0.000E+00
7.943E+01 3.333E+01 3.333E+01 0.000E+00
1.000E+02 3.333E+01 3.333E+01 0.000E+00
1.259E+02 3.333E+01 3.333E+01 0.000E+00
1.585E+02 3.333E+01 3.333E+01 0.000E+00
1.995E+02 3.333E+01 3.333E+01 0.000E+00
2.512E+02 3.333E+01 3.333E+01 0.000E+00
3.162E+02 3.333E+01 3.333E+01 0.000E+00
3.981E+02 3.333E+01 3.333E+01 0.000E+00
5.012E+02 3.333E+01 3.333E+01 0.000E+00
6.310E+02 3.333E+01 3.333E+01 0.000E+00
7.943E+02 3.333E+01 3.333E+01 0.000E+00
1.000E+03 3.333E+01 3.333E+01 0.000E+00
1.259E+03 3.333E+01 3.333E+01 0.000E+00
1.585E+03 0.000E+00 0.000E+00 0.000E+00
1.995E+03 0.000E+00 0.000E+00 0.000E+00
2.512E+03 0.000E+00 0.000E+00 0.000E+00
3.162E+03 0.000E+00 0.000E+00 0.000E+00
3.981E+03 0.000E+00 0.000E+00 0.000E+00
5.012E+03 0.000E+00 0.000E+00 0.000E+00
6.310E+03 0.000E+00 0.000E+00 0.000E+00
7.943E+03 0.000E+00 0.000E+00 0.000E+00
1.000E+04 0.000E+00 0.000E+00 0.000E+00
1.259E+04 0.000E+00 0.000E+00 0.000E+00
1.585E+04 0.000E+00 0.000E+00 0.000E+00
1.995E+04 0.000E+00 0.000E+00 0.000E+00
2.512E+04 0.000E+00 0.000E+00 0.000E+00
3.162E+04 0.000E+00 0.000E+00 0.000E+00
3.981E+04 0.000E+00 0.000E+00 0.000E+00
5.012E+04 0.000E+00 0.000E+00 0.000E+00
 
bb01
5.000E-02= radius (micron)
  T_rad    <Qem>/a   <Qabs>/a  dummy  (micron-1)
1.000E+01 1.993E+01 1.993E+01 0.000E+00
1.259E+01 1.996E+01 1.996E+01 0.000E+00
1.585E+01 1.998E+01 1.998E+01 0.000E+00
1.995E+01 1.999E+01 1.999E+01 0.000E+00
2.512E+01 1.999E+01 1.999E+01 0.000E+00
3.162E+01 2.000E+01 2.000E+01 0.000E+00
3.981E+01 2.000E+01 2.000E+01 0.000E+00
5.012E+01 2.000E+01 2.000E+01 0.000E+00
6.310E+01 2.000E+01 2.000E+01 0.000E+00
7.943E+01 2.000E+01 2.000E+01 0.000E+00
1.000E+02 2.000E+01 2.000E+01 0.000E+00
1.259E+02 2.000E+01 2.000E+01 0.000E+00
1.585E+02 2.000E+01 2.000E+01 0.000E+00
1.995E+02 2.000E+01 2.000E+01 0.000E+00
2.512E+02 2.000E+01 2.000E+01 0.000E+00
3.162E+02 2.000E+01 2.000E+01 0.000E+00
3.981E+02 2.000E+01 2.000E+01 0.000E+00
5.012E+02 2.000E+01 2.000E+01 0.000E+00
6.310E+02 2.000E+01 2.000E+01 0.000E+00
7.943E+02 2.000E+01 2.000E+01 0.000E+00
1.000E+03 2.000E+01 2.000E+01 0.000E+00
1.259E+03 2.000E+01 2.000E+01 0.000E+00
1.585E+03 0.000E+00 0.000E+00 0.000E+00
1.995E+03 0.000E+00 0.000E+00 0.000E+00
2.512E+03 0.000E+00 0.000E+00 0.000E+00
3.162E+03 0.000E+00 0.000E+00 0.000E+00
3.981E+03 0.000E+00 0.000E+00 0.000E+00
5.012E+03 0.000E+00 0.000E+00 0.000E+00
6.310E+03 0.000E+00 0.000E+00 0.000E+00
7.943E+03 0.000E+00 0.000E+00 0.000E+00
1.000E+04 0.000E+00 0.000E+00 0.000E+00
1.259E+04 0.000E+00 0.000E+00 0.000E+00
1.585E+04 0.000E+00 0.000E+00 0.000E+00
1.995E+04 0.000E+00 0.000E+00 0.000E+00
2.512E+04 0.000E+00 0.000E+00 0.000E+00
3.162E+04 0.000E+00 0.000E+00 0.000E+00
3.981E+04 0.000E+00 0.000E+00 0.000E+00
5.012E+04 0.000E+00 0.000E+00 0.000E+00
 
bb01
7.000E-02= radius (micron)
  T_rad    <Qem>/a   <Qabs>/a  dummy  (micron-1)
1.000E+01 1.424E+01 1.424E+01 0.000E+00
1.259E+01 1.426E+01 1.426E+01 0.000E+00
1.585E+01 1.427E+01 1.427E+01 0.000E+00
1.995E+01 1.428E+01 1.428E+01 0.000E+00
2.512E+01 1.428E+01 1.428E+01 0.000E+00
3.162E+01 1.428E+01 1.428E+01 0.000E+00
3.981E+01 1.428E+01 1.428E+01 0.000E+00
5.012E+01 1.429E+01 1.429E+01 0.000E+00
6.310E+01 1.429E+01 1.429E+01 0.000E+00
7.943E+01 1.429E+01 1.429E+01 0.000E+00
1.000E+02 1.429E+01 1.429E+01 0.000E+00
1.259E+02 1.429E+01 1.429E+01 0.000E+00
1.585E+02 1.429E+01 1.429E+01 0.000E+00
1.995E+02 1.429E+01 1.429E+01 0.000E+00
2.512E+02 1.429E+01 1.429E+01 0.000E+00
3.162E+02 1.429E+01 1.429E+01 0.000E+00
3.981E+02 1.429E+01 1.429E+01 0.000E+00
5.012E+02 1.429E+01 1.429E+01 0.000E+00
6.310E+02 1.429E+01 1.429E+01 0.000E+00
7.943E+02 1.429E+01 1.429E+01 0.000E+00
1.000E+03 1.429E+01 1.429E+01 0.000E+00
1.259E+03 1.429E+01 1.429E+01 0.000E+00
1.585E+03 0.000E+00 0.000E+00 0.000E+00
1.995E+03 0.000E+00 0.000E+00 0.000E+00
2.512E+03 0.000E+00 0.000E+00 0.000E+00
3.162E+03 0.000E+00 0.000E+00 0.000E+00
3.981E+03 0.000E+00 0.000E+00 0.000E+00
5.012E+03 0.000E+00 0.000E+00 0.000E+00
6.310E+03 0.000E+00 0.000E+00 0.000E+00
7.943E+03 0.000E+00 0.000E+00 0.000E+00
1.000E+04 0.000E+00 0.000E+00 0.000E+00
1.259E+04 0.000E+00 0.000E+00 0.000E+00
1.585E+04 0.000E+00 0.000E+00 0.000E+00
1.995E+04 0.000E+00 0.000E+00 0.000E+00
2.512E+04 0.000E+00 0.000E+00 0.000E+00
3.162E+04 0.000E+00 0.000E+00 0.000E+00
3.981E+04 0.000E+00 0.000E+00 0.000E+00
5.012E+04 0.000E+00 0.000E+00 0.000E+00
 
bb01
1.000E-01= radius (micron)
  T_rad    <Qem>/a   <Qabs>/a  dummy  (micron-1)
1.000E+01 9.965E+00 9.965E+00 0.000E+00
1.259E+01 9.981E+00 9.981E+00 0.000E+00
1.585E+01 9.990E+00 9.990E+00 0.000E+00
1.995E+01 9.995E+00 9.995E+00 0.000E+00
2.512E+01 9.997E+00 9.997E+00 0.000E+00
3.162E+01 9.999E+00 9.999E+00 0.000E+00
3.981E+01 9.999E+00 9.999E+00 0.000E+00
5.012E+01 1.000E+01 1.000E+01 0.000E+00
6.310E+01 1.000E+01 1.000E+01 0.000E+00
7.943E+01 1.000E+01 1.000E+01 0.000E+00
1.000E+02 1.000E+01 1.000E+01 0.000E+00
1.259E+02 1.000E+01 1.000E+01 0.000E+00
1.585E+02 1.000E+01 1.000E+01 0.000E+00
1.995E+02 1.000E+01 1.000E+01 0.000E+00
2.512E+02 1.000E+01 1.000E+01 0.000E+00
3.162E+02 1.000E+01 1.000E+01 0.000E+00
3.981E+02 1.000E+01 1.000E+01 0.000E+00
5.012E+02 1.000E+01 1.000E+01 0.000E+00
6.310E+02 1.000E+01 1.000E+01 0.000E+00
7.943E+02 1.000E+01 1.000E+01 0.000E+00
1.000E+03 1.000E+01 1.000E+01 0.000E+00
1.259E+03 1.000E+01 1.000E+01 0.000E+00
1.585E+03 0.000E+00 0.000E+00 0.000E+00
1.995E+03 0.000E+00 0.000E+00 0.000E+00
2.512E+03 0.000E+00 0.000E+00 0.000E+00
3.162E+03 0.000E+00 0.000E+00 0.000E+00
3.981E+03 0.000E+00 0.000E+00 0.000E+00
5.012E+03 0.000E+00 0.000E+00 0.000E+00
6.310E+03 0.000E+00 0.000E+00 0.000E+00
7.943E+03 0.000E+00 0.000E+00 0.000E+00
1.000E+04 0.000E+00 0.000E+00 0.000E+00
1.259E+04 0.000E+00 0.000E+00 0.000E+00
1.585E+04 0.000E+00 0.000E+00 0.000E+00
1.995E+04 0.000E+00 0.000E+00 0.000E+00
2.512E+04 0.000E+00 0.000E+00 0.000E+00
3.162E+04 0.000E+00 0.000E+00 0.000E+00
3.981E+04 0.000E+00 0.000E+00 0.000E+00
5.012E+04 0.000E+00 0.000E+00 0.000E+00
 
bb01
1.500E-01= radius (micron)
  T_rad    <Qem>/a   <Qabs>/a  dummy  (micron-1)
1.000E+01 6.643E+00 6.643E+00 0.000E+00
1.259E+01 6.654E+00 6.654E+00 0.000E+00
1.585E+01 6.660E+00 6.660E+00 0.000E+00
1.995E+01 6.663E+00 6.663E+00 0.000E+00
2.512E+01 6.665E+00 6.665E+00 0.000E+00
3.162E+01 6.666E+00 6.666E+00 0.000E+00
3.981E+01 6.666E+00 6.666E+00 0.000E+00
5.012E+01 6.666E+00 6.666E+00 0.000E+00
6.310E+01 6.667E+00 6.667E+00 0.000E+00
7.943E+01 6.667E+00 6.667E+00 0.000E+00
1.000E+02 6.667E+00 6.667E+00 0.000E+00
1.259E+02 6.667E+00 6.667E+00 0.000E+00
1.585E+02 6.667E+00 6.667E+00 0.000E+00
1.995E+02 6.667E+00 6.667E+00 0.000E+00
2.512E+02 6.667E+00 6.667E+00 0.000E+00
3.162E+02 6.667E+00 6.667E+00 0.000E+00
3.981E+02 6.667E+00 6.667E+00 0.000E+00
5.012E+02 6.667E+00 6.667E+00 0.000E+00
6.310E+02 6.667E+00 6.667E+00 0.000E+00
7.943E+02 6.667E+00 6.667E+00 0.000E+00
1.000E+03 6.667E+00 6.667E+00 0.000E+00
1.259E+03 6.667E+00 6.667E+00 0.000E+00
1.585E+03 0.000E+00 0.000E+00 0.000E+00
1.995E+03 0.000E+00 0.000E+00 0.000E+00
2.512E+03 0.000E+00 0.000E+00 0.000E+00
3.162E+03 0.000E+00 0.000E+00 0.000E+00
3.981E+03 0.000E+00 0.000E+00 0.000E+00
5.012E+03 0.000E+00 0.000E+00 0.000E+00
6.310E+03 0.000E+00 0.000E+00 0.000E+00
7.943E+03 0.000E+00 0.000E+00 0.000E+00
1.000E+04 0.000E+00 0.000E+00 0.000E+00
1.259E+04 0.000E+00 0.000E+00 0.000E+00
1.585E+04 0.000E+00 0.000E+00 0.000E+00
1.995E+04 0.000E+00 0.000E+00 0.000E+00
2.512E+04 0.000E+00 0.000E+00 0.000E+00
3.162E+04 0.000E+00 0.000E+00 0.000E+00
3.981E+04 0.000E+00 0.000E+00 0.000E+00
5.012E+04 0.000E+00 0.000E+00 0.000E+00
 
bb01
2.000E-01= radius (micron)
  T_rad    <Qem>/a   <Qabs>/a  dummy  (micron-1)
1.000E+01 4.983E+00 4.983E+00 0.000E+00
1.259E+01 4.991E+00 4.991E+00 0.000E+00
1.585E+01 4.995E+00 4.995E+00 0.000E+00
1.995E+01 4.997E+00 4.997E+00 0.000E+00
2.512E+01 4.999E+00 4.999E+00 0.000E+00
3.162E+01 4.999E+00 4.999E+00 0.000E+00
3.981E+01 5.000E+00 5.000E+00 0.000E+00
5.012E+01 5.000E+00 5.000E+00 0.000E+00
6.310E+01 5.000E+00 5.000E+00 0.000E+00
7.943E+01 5.000E+00 5.000E+00 0.000E+00
1.000E+02 5.000E+00 5.000E+00 0.000E+00
1.259E+02 5.000E+00 5.000E+00 0.000E+00
1.585E+02 5.000E+00 5.000E+00 0.000E+00
1.995E+02 5.000E+00 5.000E+00 0.000E+00
2.512E+02 5.000E+00 5.000E+00 0.000E+00
3.162E+02 5.000E+00 5.000E+00 0.000E+00
3.981E+02 5.000E+00 5.000E+00 0.000E+00
5.012E+02 5.000E+00 5.000E+00 0.000E+00
6.310E+02 5.000E+00 5.000E+00 0.000E+00
7.943E+02 5.000E+00 5.000E+00 0.000E+00
1.000E+03 5.000E+00 5.000E+00 0.000E+00
1.259E+03 5.000E+00 5.000E+00 0.000E+00
1.585E+03 0.000E+00 0.000E+00 0.000E+00
1.995E+03 0.000E+00 0.000E+00 0.000E+00
2.512E+03 0.000E+00 0.000E+00 0.000E+00
3.162E+03 0.000E+00 0.000E+00 0.000E+00
3.981E+03 0.000E+00 0.000E+00 0.000E+00
5.012E+03 0.000E+00 0.000E+00 0.000E+00
6.310E+03 0.000E+00 0.000E+00 0.000E+00
7.943E+03 0.000E+00 0.000E+00 0.000E+00
1.000E+04 0.000E+00 0.000E+00 0.000E+00
1.259E+04 0.000E+00 0.000E+00 0.000E+00
1.585E+04 0.000E+00 0.000E+00 0.000E+00
1.995E+04 0.000E+00 0.000E+00 0.000E+00
2.512E+04 0.000E+00 0.000E+00 0.000E+00
3.162E+04 0.000E+00 0.000E+00 0.000E+00
3.981E+04 0.000E+00 0.000E+00 0.000E+00
5.012E+04 0.000E+00 0.000E+00 0.000E+00
 
bb01
3.000E-01= radius (micron)
  T_rad    <Qem>/a   <Qabs>/a  dummy  (micron-1)
1.000E+01 3.322E+00 3.322E+00 0.000E+00
1.259E+01 3.327E+00 3.327E+00 0.000E+00
1.585E+01 3.330E+00 3.330E+00 0.000E+00
1.995E+01 3.332E+00 3.332E+00 0.000E+00
2.512E+01 3.332E+00 3.332E+00 0.000E+00
3.162E+01 3.333E+00 3.333E+00 0.000E+00
3.981E+01 3.333E+00 3.333E+00 0.000E+00
5.012E+01 3.333E+00 3.333E+00 0.000E+00
6.310E+01 3.333E+00 3.333E+00 0.000E+00
7.943E+01 3.333E+00 3.333E+00 0.000E+00
1.000E+02 3.333E+00 3.333E+00 0.000E+00
1.259E+02 3.333E+00 3.333E+00 0.000E+00
1.585E+02 3.333E+00 3.333E+00 0.000E+00
1.995E+02 3.333E+00 3.333E+00 0.000E+00
2.512E+02 3.333E+00 3.333E+00 0.000E+00
3.162E+02 3.333E+00 3.333E+00 0.000E+00
3.981E+02 3.333E+00 3.333E+00 0.000E+00
5.012E+02 3.333E+00 3.333E+00 0.000E+00
6.310E+02 3.333E+00 3.333E+00 0.000E+00
7.943E+02 3.333E+00 3.333E+00 0.000E+00
1.000E+03 3.333E+00 3.333E+00 0.000E+00
1.259E+03 3.333E+00 3.333E+00 0.000E+00
1.585E+03 0.000E+00 0.000E+00 0.000E+00
1.995E+03 0.000E+00 0.000E+00 0.000E+00
2.512E+03 0.000E+00 0.000E+00 0.000E+00
3.162E+03 0.000E+00 0.000E+00 0.000E+00
3.981E+03 0.000E+00 0.000E+00 0.000E+00
5.012E+03 0.000E+00 0.000E+00 0.000E+00
6.310E+03 0.000E+00 0.000E+00 0.000E+00
7.943E+03 0.000E+00 0.000E+00 0.000E+00
1.000E+04 0.000E+00 0.000E+00 0.000E+00
1.259E+04 0.000E+00 0.000E+00 0.000E+00
1.585E+04 0.000E+00 0.000E+00 0.000E+00
1.995E+04 0.000E+00 0.000E+00 0.000E+00
2.512E+04 0.000E+00 0.000E+00 0.000E+00
3.162E+04 0.000E+00 0.000E+00 0.000E+00
3.981E+04 0.000E+00 0.000E+00 0.000E+00
5.012E+04 0.000E+00 0.000E+00 0.000E+00
 
bb01
5.000E-01= radius (micron)
  T_rad    <Qem>/a   <Qabs>/a  dummy  (micron-1)
1.000E+01 1.993E+00 1.993E+00 0.000E+00
1.259E+01 1.996E+00 1.996E+00 0.000E+00
1.585E+01 1.998E+00 1.998E+00 0.000E+00
1.995E+01 1.999E+00 1.999E+00 0.000E+00
2.512E+01 1.999E+00 1.999E+00 0.000E+00
3.162E+01 2.000E+00 2.000E+00 0.000E+00
3.981E+01 2.000E+00 2.000E+00 0.000E+00
5.012E+01 2.000E+00 2.000E+00 0.000E+00
6.310E+01 2.000E+00 2.000E+00 0.000E+00
7.943E+01 2.000E+00 2.000E+00 0.000E+00
1.000E+02 2.000E+00 2.000E+00 0.000E+00
1.259E+02 2.000E+00 2.000E+00 0.000E+00
1.585E+02 2.000E+00 2.000E+00 0.000E+00
1.995E+02 2.000E+00 2.000E+00 0.000E+00
2.512E+02 2.000E+00 2.000E+00 0.000E+00
3.162E+02 2.000E+00 2.000E+00 0.000E+00
3.981E+02 2.000E+00 2.000E+00 0.000E+00
5.012E+02 2.000E+00 2.000E+00 0.000E+00
6.310E+02 2.000E+00 2.000E+00 0.000E+00
7.943E+02 2.000E+00 2.000E+00 0.000E+00
1.000E+03 2.000E+00 2.000E+00 0.000E+00
1.259E+03 2.000E+00 2.000E+00 0.000E+00
1.585E+03 0.000E+00 0.000E+00 0.000E+00
1.995E+03 0.000E+00 0.000E+00 0.000E+00
2.512E+03 0.000E+00 0.000E+00 0.000E+00
3.162E+03 0.000E+00 0.000E+00 0.000E+00
3.981E+03 0.000E+00 0.000E+00 0.000E+00
5.012E+03 0.000E+00 0.000E+00 0.000E+00
6.310E+03 0.000E+00 0.000E+00 0.000E+00
7.943E+03 0.000E+00 0.000E+00 0.000E+00
1.000E+04 0.000E+00 0.000E+00 0.000E+00
1.259E+04 0.000E+00 0.000E+00 0.000E+00
1.585E+04 0.000E+00 0.000E+00 0.000E+00
1.995E+04 0.000E+00 0.000E+00 0.000E+00
2.512E+04 0.000E+00 0.000E+00 0.000E+00
3.162E+04 0.000E+00 0.000E+00 0.000E+00
3.981E+04 0.000E+00 0.000E+00 0.000E+00
5.012E+04 0.000E+00 0.000E+00 0.000E+00
 
bb01
7.000E-01= radius (micron)
  T_rad    <Qem>/a   <Qabs>/a  dummy  (micron-1)
1.000E+01 1.424E+00 1.424E+00 0.000E+00
1.259E+01 1.426E+00 1.426E+00 0.000E+00
1.585E+01 1.427E+00 1.427E+00 0.000E+00
1.995E+01 1.428E+00 1.428E+00 0.000E+00
2.512E+01 1.428E+00 1.428E+00 0.000E+00
3.162E+01 1.428E+00 1.428E+00 0.000E+00
3.981E+01 1.428E+00 1.428E+00 0.000E+00
5.012E+01 1.429E+00 1.429E+00 0.000E+00
6.310E+01 1.429E+00 1.429E+00 0.000E+00
7.943E+01 1.429E+00 1.429E+00 0.000E+00
1.000E+02 1.429E+00 1.429E+00 0.000E+00
1.259E+02 1.429E+00 1.429E+00 0.000E+00
1.585E+02 1.429E+00 1.429E+00 0.000E+00
1.995E+02 1.429E+00 1.429E+00 0.000E+00
2.512E+02 1.429E+00 1.429E+00 0.000E+00
3.162E+02 1.429E+00 1.429E+00 0.000E+00
3.981E+02 1.429E+00 1.429E+00 0.000E+00
5.012E+02 1.429E+00 1.429E+00 0.000E+00
6.310E+02 1.429E+00 1.429E+00 0.000E+00
7.943E+02 1.429E+00 1.429E+00 0.000E+00
1.000E+03 1.429E+00 1.429E+00 0.000E+00
1.259E+03 1.429E+00 1.429E+00 0.000E+00
1.585E+03 0.000E+00 0.000E+00 0.000E+00
1.995E+03 0.000E+00 0.000E+00 0.000E+00
2.512E+03 0.000E+00 0.000E+00 0.000E+00
3.162E+03 0.000E+00 0.000E+00 0.000E+00
3.981E+03 0.000E+00 0.000E+00 0.000E+00
5.012E+03 0.000E+00 0.000E+00 0.000E+00
6.310E+03 0.000E+00 0.000E+00 0.000E+00
7.943E+03 0.000E+00 0.000E+00 0.000E+00
1.000E+04 0.000E+00 0.000E+00 0.000E+00
1.259E+04 0.000E+00 0.000E+00 0.000E+00
1.585E+04 0.000E+00 0.000E+00 0.000E+00
1.995E+04 0.000E+00 0.000E+00 0.000E+00
2.512E+04 0.000E+00 0.000E+00 0.000E+00
3.162E+04 0.000E+00 0.000E+00 0.000E+00
3.981E+04 0.000E+00 0.000E+00 0.000E+00
5.012E+04 0.000E+00 0.000E+00 0.000E+00
 
bb01
1.000E+00= radius (micron)
  T_rad    <Qem>/a   <Qabs>/a  dummy  (micron-1)
1.000E+01 9.965E-01 9.965E-01 0.000E+00
1.259E+01 9.981E-01 9.981E-01 0.000E+00
1.585E+01 9.990E-01 9.990E-01 0.000E+00
1.995E+01 9.995E-01 9.995E-01 0.000E+00
2.512E+01 9.997E-01 9.997E-01 0.000E+00
3.162E+01 9.999E-01 9.999E-01 0.000E+00
3.981E+01 9.999E-01 9.999E-01 0.000E+00
5.012E+01 1.000E-00 1.000E-00 0.000E+00
6.310E+01 1.000E-00 1.000E-00 0.000E+00
7.943E+01 1.000E-00 1.000E-00 0.000E+00
1.000E+02 1.000E-00 1.000E-00 0.000E+00
1.259E+02 1.000E-00 1.000E-00 0.000E+00
1.585E+02 1.000E-00 1.000E-00 0.000E+00
1.995E+02 1.000E-00 1.000E-00 0.000E+00
2.512E+02 1.000E-00 1.000E-00 0.000E+00
3.162E+02 1.000E-00 1.000E-00 0.000E+00
3.981E+02 1.000E-00 1.000E-00 0.000E+00
5.012E+02 1.000E-00 1.000E-00 0.000E+00
6.310E+02 1.000E+00 1.000E+00 0.000E+00
7.943E+02 1.000E+00 1.000E+00 0.000E+00
1.000E+03 1.000E+00 1.000E+00 0.000E+00
1.259E+03 1.000E+00 1.000E+00 0.000E+00
1.585E+03 0.000E+00 0.000E+00 0.000E+00
1.995E+03 0.000E+00 0.000E+00 0.000E+00
2.512E+03 0.000E+00 0.000E+00 0.000E+00
3.162E+03 0.000E+00 0.000E+00 0.000E+00
3.981E+03 0.000E+00 0.000E+00 0.000E+00
5.012E+03 0.000E+00 0.000E+00 0.000E+00
6.310E+03 0.000E+00 0.000E+00 0.000E+00
7.943E+03 0.000E+00 0.000E+00 0.000E+00
1.000E+04 0.000E+00 0.000E+00 0.000E+00
1.259E+04 0.000E+00 0.000E+00 0.000E+00
1.585E+04 0.000E+00 0.000E+00 0.000E+00
1.995E+04 0.000E+00 0.000E+00 0.000E+00
2.512E+04 0.000E+00 0.000E+00 0.000E+00
3.162E+04 0.000E+00 0.000E+00 0.000E+00
3.981E+04 0.000E+00 0.000E+00 0.000E+00
5.012E+04 0.000E+00 0.000E+00 0.000E+00
 
bb01
1.500E+00= radius (micron)
  T_rad    <Qem>/a   <Qabs>/a  dummy  (micron-1)
1.000E+01 6.643E-01 6.643E-01 0.000E+00
1.259E+01 6.654E-01 6.654E-01 0.000E+00
1.585E+01 6.660E-01 6.660E-01 0.000E+00
1.995E+01 6.663E-01 6.663E-01 0.000E+00
2.512E+01 6.665E-01 6.665E-01 0.000E+00
3.162E+01 6.666E-01 6.666E-01 0.000E+00
3.981E+01 6.666E-01 6.666E-01 0.000E+00
5.012E+01 6.666E-01 6.666E-01 0.000E+00
6.310E+01 6.667E-01 6.667E-01 0.000E+00
7.943E+01 6.667E-01 6.667E-01 0.000E+00
1.000E+02 6.667E-01 6.667E-01 0.000E+00
1.259E+02 6.667E-01 6.667E-01 0.000E+00
1.585E+02 6.667E-01 6.667E-01 0.000E+00
1.995E+02 6.667E-01 6.667E-01 0.000E+00
2.512E+02 6.667E-01 6.667E-01 0.000E+00
3.162E+02 6.667E-01 6.667E-01 0.000E+00
3.981E+02 6.667E-01 6.667E-01 0.000E+00
5.012E+02 6.667E-01 6.667E-01 0.000E+00
6.310E+02 6.667E-01 6.667E-01 0.000E+00
7.943E+02 6.667E-01 6.667E-01 0.000E+00
1.000E+03 6.667E-01 6.667E-01 0.000E+00
1.259E+03 6.667E-01 6.667E-01 0.000E+00
1.585E+03 0.000E+00 0.000E+00 0.000E+00
1.995E+03 0.000E+00 0.000E+00 0.000E+00
2.512E+03 0.000E+00 0.000E+00 0.000E+00
3.162E+03 0.000E+00 0.000E+00 0.000E+00
3.981E+03 0.000E+00 0.000E+00 0.000E+00
5.012E+03 0.000E+00 0.000E+00 0.000E+00
6.310E+03 0.000E+00 0.000E+00 0.000E+00
7.943E+03 0.000E+00 0.000E+00 0.000E+00
1.000E+04 0.000E+00 0.000E+00 0.000E+00
1.259E+04 0.000E+00 0.000E+00 0.000E+00
1.585E+04 0.000E+00 0.000E+00 0.000E+00
1.995E+04 0.000E+00 0.000E+00 0.000E+00
2.512E+04 0.000E+00 0.000E+00 0.000E+00
3.162E+04 0.000E+00 0.000E+00 0.000E+00
3.981E+04 0.000E+00 0.000E+00 0.000E+00
5.012E+04 0.000E+00 0.000E+00 0.000E+00
 
bb01
2.000E+00= radius (micron)
  T_rad    <Qem>/a   <Qabs>/a  dummy  (micron-1)
1.000E+01 4.983E-01 4.983E-01 0.000E+00
1.259E+01 4.991E-01 4.991E-01 0.000E+00
1.585E+01 4.995E-01 4.995E-01 0.000E+00
1.995E+01 4.997E-01 4.997E-01 0.000E+00
2.512E+01 4.999E-01 4.999E-01 0.000E+00
3.162E+01 4.999E-01 4.999E-01 0.000E+00
3.981E+01 5.000E-01 5.000E-01 0.000E+00
5.012E+01 5.000E-01 5.000E-01 0.000E+00
6.310E+01 5.000E-01 5.000E-01 0.000E+00
7.943E+01 5.000E-01 5.000E-01 0.000E+00
1.000E+02 5.000E-01 5.000E-01 0.000E+00
1.259E+02 5.000E-01 5.000E-01 0.000E+00
1.585E+02 5.000E-01 5.000E-01 0.000E+00
1.995E+02 5.000E-01 5.000E-01 0.000E+00
2.512E+02 5.000E-01 5.000E-01 0.000E+00
3.162E+02 5.000E-01 5.000E-01 0.000E+00
3.981E+02 5.000E-01 5.000E-01 0.000E+00
5.012E+02 5.000E-01 5.000E-01 0.000E+00
6.310E+02 5.000E-01 5.000E-01 0.000E+00
7.943E+02 5.000E-01 5.000E-01 0.000E+00
1.000E+03 5.000E-01 5.000E-01 0.000E+00
1.259E+03 5.000E-01 5.000E-01 0.000E+00
1.585E+03 0.000E+00 0.000E+00 0.000E+00
1.995E+03 0.000E+00 0.000E+00 0.000E+00
2.512E+03 0.000E+00 0.000E+00 0.000E+00
3.162E+03 0.000E+00 0.000E+00 0.000E+00
3.981E+03 0.000E+00 0.000E+00 0.000E+00
5.012E+03 0.000E+00 0.000E+00 0.000E+00
6.310E+03 0.000E+00 0.000E+00 0.000E+00
7.943E+03 0.000E+00 0.000E+00 0.000E+00
1.000E+04 0.000E+00 0.000E+00 0.000E+00
1.259E+04 0.000E+00 0.000E+00 0.000E+00
1.585E+04 0.000E+00 0.000E+00 0.000E+00
1.995E+04 0.000E+00 0.000E+00 0.000E+00
2.512E+04 0.000E+00 0.000E+00 0.000E+00
3.162E+04 0.000E+00 0.000E+00 0.000E+00
3.981E+04 0.000E+00 0.000E+00 0.000E+00
5.012E+04 0.000E+00 0.000E+00 0.000E+00
 
bb01
3.000E+00= radius (micron)
  T_rad    <Qem>/a   <Qabs>/a  dummy  (micron-1)
1.000E+01 3.322E-01 3.322E-01 0.000E+00
1.259E+01 3.327E-01 3.327E-01 0.000E+00
1.585E+01 3.330E-01 3.330E-01 0.000E+00
1.995E+01 3.332E-01 3.332E-01 0.000E+00
2.512E+01 3.332E-01 3.332E-01 0.000E+00
3.162E+01 3.333E-01 3.333E-01 0.000E+00
3.981E+01 3.333E-01 3.333E-01 0.000E+00
5.012E+01 3.333E-01 3.333E-01 0.000E+00
6.310E+01 3.333E-01 3.333E-01 0.000E+00
7.943E+01 3.333E-01 3.333E-01 0.000E+00
1.000E+02 3.333E-01 3.333E-01 0.000E+00
1.259E+02 3.333E-01 3.333E-01 0.000E+00
1.585E+02 3.333E-01 3.333E-01 0.000E+00
1.995E+02 3.333E-01 3.333E-01 0.000E+00
2.512E+02 3.333E-01 3.333E-01 0.000E+00
3.162E+02 3.333E-01 3.333E-01 0.000E+00
3.981E+02 3.333E-01 3.333E-01 0.000E+00
5.012E+02 3.333E-01 3.333E-01 0.000E+00
6.310E+02 3.333E-01 3.333E-01 0.000E+00
7.943E+02 3.333E-01 3.333E-01 0.000E+00
1.000E+03 3.333E-01 3.333E-01 0.000E+00
1.259E+03 3.333E-01 3.333E-01 0.000E+00
1.585E+03 0.000E+00 0.000E+00 0.000E+00
1.995E+03 0.000E+00 0.000E+00 0.000E+00
2.512E+03 0.000E+00 0.000E+00 0.000E+00
3.162E+03 0.000E+00 0.000E+00 0.000E+00
3.981E+03 0.000E+00 0.000E+00 0.000E+00
5.012E+03 0.000E+00 0.000E+00 0.000E+00
6.310E+03 0.000E+00 0.000E+00 0.000E+00
7.943E+03 0.000E+00 0.000E+00 0.000E+00
1.000E+04 0.000E+00 0.000E+00 0.000E+00
1.259E+04 0.000E+00 0.000E+00 0.000E+00
1.585E+04 0.000E+00 0.000E+00 0.000E+00
1.995E+04 0.000E+00 0.000E+00 0.000E+00
2.512E+04 0.000E+00 0.000E+00 0.000E+00
3.162E+04 0.000E+00 0.000E+00 0.000E+00
3.981E+04 0.000E+00 0.000E+00 0.000E+00
5.012E+04 0.000E+00 0.000E+00 0.000E+00
 
bb01
5.000E+00= radius (micron)
  T_rad    <Qem>/a   <Qabs>/a  dummy  (micron-1)
1.000E+01 1.993E-01 1.993E-01 0.000E+00
1.259E+01 1.996E-01 1.996E-01 0.000E+00
1.585E+01 1.998E-01 1.998E-01 0.000E+00
1.995E+01 1.999E-01 1.999E-01 0.000E+00
2.512E+01 1.999E-01 1.999E-01 0.000E+00
3.162E+01 2.000E-01 2.000E-01 0.000E+00
3.981E+01 2.000E-01 2.000E-01 0.000E+00
5.012E+01 2.000E-01 2.000E-01 0.000E+00
6.310E+01 2.000E-01 2.000E-01 0.000E+00
7.943E+01 2.000E-01 2.000E-01 0.000E+00
1.000E+02 2.000E-01 2.000E-01 0.000E+00
1.259E+02 2.000E-01 2.000E-01 0.000E+00
1.585E+02 2.000E-01 2.000E-01 0.000E+00
1.995E+02 2.000E-01 2.000E-01 0.000E+00
2.512E+02 2.000E-01 2.000E-01 0.000E+00
3.162E+02 2.000E-01 2.000E-01 0.000E+00
3.981E+02 2.000E-01 2.000E-01 0.000E+00
5.012E+02 2.000E-01 2.000E-01 0.000E+00
6.310E+02 2.000E-01 2.000E-01 0.000E+00
7.943E+02 2.000E-01 2.000E-01 0.000E+00
1.000E+03 2.000E-01 2.000E-01 0.000E+00
1.259E+03 2.000E-01 2.000E-01 0.000E+00
1.585E+03 0.000E+00 0.000E+00 0.000E+00
1.995E+03 0.000E+00 0.000E+00 0.000E+00
2.512E+03 0.000E+00 0.000E+00 0.000E+00
3.162E+03 0.000E+00 0.000E+00 0.000E+00
3.981E+03 0.000E+00 0.000E+00 0.000E+00
5.012E+03 0.000E+00 0.000E+00 0.000E+00
6.310E+03 0.000E+00 0.000E+00 0.000E+00
7.943E+03 0.000E+00 0.000E+00 0.000E+00
1.000E+04 0.000E+00 0.000E+00 0.000E+00
1.259E+04 0.000E+00 0.000E+00 0.000E+00
1.585E+04 0.000E+00 0.000E+00 0.000E+00
1.995E+04 0.000E+00 0.000E+00 0.000E+00
2.512E+04 0.000E+00 0.000E+00 0.000E+00
3.162E+04 0.000E+00 0.000E+00 0.000E+00
3.981E+04 0.000E+00 0.000E+00 0.000E+00
5.012E+04 0.000E+00 0.000E+00 0.000E+00
 
bb01
7.000E+00= radius (micron)
  T_rad    <Qem>/a   <Qabs>/a  dummy  (micron-1)
1.000E+01 1.424E-01 1.424E-01 0.000E+00
1.259E+01 1.426E-01 1.426E-01 0.000E+00
1.585E+01 1.427E-01 1.427E-01 0.000E+00
1.995E+01 1.428E-01 1.428E-01 0.000E+00
2.512E+01 1.428E-01 1.428E-01 0.000E+00
3.162E+01 1.428E-01 1.428E-01 0.000E+00
3.981E+01 1.428E-01 1.428E-01 0.000E+00
5.012E+01 1.429E-01 1.429E-01 0.000E+00
6.310E+01 1.429E-01 1.429E-01 0.000E+00
7.943E+01 1.429E-01 1.429E-01 0.000E+00
1.000E+02 1.429E-01 1.429E-01 0.000E+00
1.259E+02 1.429E-01 1.429E-01 0.000E+00
1.585E+02 1.429E-01 1.429E-01 0.000E+00
1.995E+02 1.429E-01 1.429E-01 0.000E+00
2.512E+02 1.429E-01 1.429E-01 0.000E+00
3.162E+02 1.429E-01 1.429E-01 0.000E+00
3.981E+02 1.429E-01 1.429E-01 0.000E+00
5.012E+02 1.429E-01 1.429E-01 0.000E+00
6.310E+02 1.429E-01 1.429E-01 0.000E+00
7.943E+02 1.429E-01 1.429E-01 0.000E+00
1.000E+03 1.429E-01 1.429E-01 0.000E+00
1.259E+03 1.429E-01 1.429E-01 0.000E+00
1.585E+03 0.000E+00 0.000E+00 0.000E+00
1.995E+03 0.000E+00 0.000E+00 0.000E+00
2.512E+03 0.000E+00 0.000E+00 0.000E+00
3.162E+03 0.000E+00 0.000E+00 0.000E+00
3.981E+03 0.000E+00 0.000E+00 0.000E+00
5.012E+03 0.000E+00 0.000E+00 0.000E+00
6.310E+03 0.000E+00 0.000E+00 0.000E+00
7.943E+03 0.000E+00 0.000E+00 0.000E+00
1.000E+04 0.000E+00 0.000E+00 0.000E+00
1.259E+04 0.000E+00 0.000E+00 0.000E+00
1.585E+04 0.000E+00 0.000E+00 0.000E+00
1.995E+04 0.000E+00 0.000E+00 0.000E+00
2.512E+04 0.000E+00 0.000E+00 0.000E+00
3.162E+04 0.000E+00 0.000E+00 0.000E+00
3.981E+04 0.000E+00 0.000E+00 0.000E+00
5.012E+04 0.000E+00 0.000E+00 0.000E+00
 
bb01
1.000E+01= radius (micron)
  T_rad    <Qem>/a   <Qabs>/a  dummy  (micron-1)
1.000E+01 9.965E-02 9.965E-02 0.000E+00
1.259E+01 9.981E-02 9.981E-02 0.000E+00
1.585E+01 9.990E-02 9.990E-02 0.000E+00
1.995E+01 9.995E-02 9.995E-02 0.000E+00
2.512E+01 9.997E-02 9.997E-02 0.000E+00
3.162E+01 9.999E-02 9.999E-02 0.000E+00
3.981E+01 9.999E-02 9.999E-02 0.000E+00
5.012E+01 1.000E-01 1.000E-01 0.000E+00
6.310E+01 1.000E-01 1.000E-01 0.000E+00
7.943E+01 1.000E-01 1.000E-01 0.000E+00
1.000E+02 1.000E-01 1.000E-01 0.000E+00
1.259E+02 1.000E-01 1.000E-01 0.000E+00
1.585E+02 1.000E-01 1.000E-01 0.000E+00
1.995E+02 1.000E-01 1.000E-01 0.000E+00
2.512E+02 1.000E-01 1.000E-01 0.000E+00
3.162E+02 1.000E-01 1.000E-01 0.000E+00
3.981E+02 1.000E-01 1.000E-01 0.000E+00
5.012E+02 1.000E-01 1.000E-01 0.000E+00
6.310E+02 1.000E-01 1.000E-01 0.000E+00
7.943E+02 1.000E-01 1.000E-01 0.000E+00
1.000E+03 1.000E-01 1.000E-01 0.000E+00
1.259E+03 1.000E-01 1.000E-01 0.000E+00
1.585E+03 0.000E+00 0.000E+00 0.000E+00
1.995E+03 0.000E+00 0.000E+00 0.000E+00
2.512E+03 0.000E+00 0.000E+00 0.000E+00
3.162E+03 0.000E+00 0.000E+00 0.000E+00
3.981E+03 0.000E+00 0.000E+00 0.000E+00
5.012E+03 0.000E+00 0.000E+00 0.000E+00
6.310E+03 0.000E+00 0.000E+00 0.000E+00
7.943E+03 0.000E+00 0.000E+00 0.000E+00
1.000E+04 0.000E+00 0.000E+00 0.000E+00
1.259E+04 0.000E+00 0.000E+00 0.000E+00
1.585E+04 0.000E+00 0.000E+00 0.000E+00
1.995E+04 0.000E+00 0.000E+00 0.000E+00
2.512E+04 0.000E+00 0.000E+00 0.000E+00
3.162E+04 0.000E+00 0.000E+00 0.000E+00
3.981E+04 0.000E+00 0.000E+00 0.000E+00
5.012E+04 0.000E+00 0.000E+00 0.000E+00
