PAH not charged
Planck-averaged Q_em, Q_abs, Qpr/a
for compatibility four rows,Qpr not calc.
Emissivity <Qem> is computed only for T<1500K
Computed by Jg Fischera
Planck-averaged Q_em for T_d=T_rad
Planck-averaged Q_abs and Q_pr for T_d= 25.00K
41 temperature bins
30 grain sizes:
0.000354813
0.000398107
0.000446684
0.000501187
0.000562341
0.000630957
0.000707946
0.000794328
0.000891251
0.00100000
0.00112202
0.00125893
0.00141254
0.00158489
0.00177828
0.00199526
0.00223872
0.00251189
0.00281838
0.00316228
0.00354813
0.00398107
0.00446684
0.00501187
0.00562341
0.00630957
0.00707946
0.00794328
0.00891251
0.01000000

PAH
3.548E-04= radius (micron)
T_rad    <Qem>/a   <Qabs>/a  <Qpr>/a (micron-1)
5.012E+00 1.253E-05 1.253E-05 0.000E+00
6.310E+00 1.961E-05 1.961E-05 0.000E+00
7.943E+00 3.051E-05 3.051E-05 0.000E+00
1.000E+01 4.714E-05 4.714E-05 0.000E+00
1.259E+01 7.221E-05 7.221E-05 0.000E+00
1.585E+01 1.096E-04 1.096E-04 0.000E+00
1.995E+01 1.650E-04 1.650E-04 0.000E+00
2.512E+01 2.480E-04 2.480E-04 0.000E+00
3.162E+01 3.767E-04 3.767E-04 0.000E+00
3.981E+01 5.891E-04 5.891E-04 0.000E+00
5.012E+01 9.714E-04 9.714E-04 0.000E+00
6.310E+01 1.711E-03 1.711E-03 0.000E+00
7.943E+01 3.102E-03 3.102E-03 0.000E+00
1.000E+02 5.422E-03 5.422E-03 0.000E+00
1.259E+02 8.930E-03 8.930E-03 0.000E+00
1.585E+02 1.389E-02 1.389E-02 0.000E+00
1.995E+02 2.015E-02 2.015E-02 0.000E+00
2.512E+02 2.659E-02 2.659E-02 0.000E+00
3.162E+02 3.138E-02 3.138E-02 0.000E+00
3.981E+02 3.297E-02 3.297E-02 0.000E+00
5.012E+02 3.128E-02 3.128E-02 0.000E+00
6.310E+02 2.758E-02 2.758E-02 0.000E+00
7.943E+02 2.341E-02 2.341E-02 0.000E+00
1.000E+03 1.976E-02 1.976E-02 0.000E+00
1.259E+03 1.720E-02 1.720E-02 0.000E+00
1.585E+03 1.624E-02 1.624E-02 0.000E+00
1.995E+03 0.000E+00 1.808E-02 0.000E+00
2.512E+03 0.000E+00 3.348E-02 0.000E+00
3.162E+03 0.000E+00 1.400E-01 0.000E+00
3.981E+03 0.000E+00 6.773E-01 0.000E+00
5.012E+03 0.000E+00 2.584E+00 0.000E+00
6.310E+03 0.000E+00 7.504E+00 0.000E+00
7.943E+03 0.000E+00 1.692E+01 0.000E+00
1.000E+04 0.000E+00 3.046E+01 0.000E+00
1.259E+04 0.000E+00 4.594E+01 0.000E+00
1.585E+04 0.000E+00 6.250E+01 0.000E+00
1.995E+04 0.000E+00 8.346E+01 0.000E+00
2.512E+04 0.000E+00 1.131E+02 0.000E+00
3.162E+04 0.000E+00 1.488E+02 0.000E+00
3.981E+04 0.000E+00 1.789E+02 0.000E+00
5.012E+04 0.000E+00 1.910E+02 0.000E+00

PAH
3.981E-04= radius (micron)
T_rad    <Qem>/a   <Qabs>/a  <Qpr>/a (micron-1)
5.012E+00 1.209E-05 1.209E-05 0.000E+00
6.310E+00 1.894E-05 1.894E-05 0.000E+00
7.943E+00 2.956E-05 2.956E-05 0.000E+00
1.000E+01 4.587E-05 4.587E-05 0.000E+00
1.259E+01 7.066E-05 7.066E-05 0.000E+00
1.585E+01 1.079E-04 1.079E-04 0.000E+00
1.995E+01 1.638E-04 1.638E-04 0.000E+00
2.512E+01 2.480E-04 2.480E-04 0.000E+00
3.162E+01 3.792E-04 3.792E-04 0.000E+00
3.981E+01 5.958E-04 5.958E-04 0.000E+00
5.012E+01 9.847E-04 9.847E-04 0.000E+00
6.310E+01 1.734E-03 1.734E-03 0.000E+00
7.943E+01 3.135E-03 3.135E-03 0.000E+00
1.000E+02 5.442E-03 5.442E-03 0.000E+00
1.259E+02 8.835E-03 8.835E-03 0.000E+00
1.585E+02 1.349E-02 1.349E-02 0.000E+00
1.995E+02 1.928E-02 1.928E-02 0.000E+00
2.512E+02 2.527E-02 2.527E-02 0.000E+00
3.162E+02 2.985E-02 2.985E-02 0.000E+00
3.981E+02 3.151E-02 3.151E-02 0.000E+00
5.012E+02 3.004E-02 3.004E-02 0.000E+00
6.310E+02 2.658E-02 2.658E-02 0.000E+00
7.943E+02 2.258E-02 2.258E-02 0.000E+00
1.000E+03 1.908E-02 1.908E-02 0.000E+00
1.259E+03 1.666E-02 1.666E-02 0.000E+00
1.585E+03 1.591E-02 1.591E-02 0.000E+00
1.995E+03 0.000E+00 1.908E-02 0.000E+00
2.512E+03 0.000E+00 4.625E-02 0.000E+00
3.162E+03 0.000E+00 2.155E-01 0.000E+00
3.981E+03 0.000E+00 9.530E-01 0.000E+00
5.012E+03 0.000E+00 3.262E+00 0.000E+00
6.310E+03 0.000E+00 8.711E+00 0.000E+00
7.943E+03 0.000E+00 1.858E+01 0.000E+00
1.000E+04 0.000E+00 3.235E+01 0.000E+00
1.259E+04 0.000E+00 4.782E+01 0.000E+00
1.585E+04 0.000E+00 6.425E+01 0.000E+00
1.995E+04 0.000E+00 8.513E+01 0.000E+00
2.512E+04 0.000E+00 1.148E+02 0.000E+00
3.162E+04 0.000E+00 1.507E+02 0.000E+00
3.981E+04 0.000E+00 1.809E+02 0.000E+00
5.012E+04 0.000E+00 1.929E+02 0.000E+00

PAH
4.467E-04= radius (micron)
T_rad    <Qem>/a   <Qabs>/a  <Qpr>/a (micron-1)
5.012E+00 1.158E-05 1.158E-05 0.000E+00
6.310E+00 1.818E-05 1.818E-05 0.000E+00
7.943E+00 2.844E-05 2.844E-05 0.000E+00
1.000E+01 4.428E-05 4.428E-05 0.000E+00
1.259E+01 6.851E-05 6.851E-05 0.000E+00
1.585E+01 1.053E-04 1.053E-04 0.000E+00
1.995E+01 1.607E-04 1.607E-04 0.000E+00
2.512E+01 2.449E-04 2.449E-04 0.000E+00
3.162E+01 3.764E-04 3.764E-04 0.000E+00
3.981E+01 5.934E-04 5.934E-04 0.000E+00
5.012E+01 9.814E-04 9.814E-04 0.000E+00
6.310E+01 1.725E-03 1.725E-03 0.000E+00
7.943E+01 3.105E-03 3.105E-03 0.000E+00
1.000E+02 5.332E-03 5.332E-03 0.000E+00
1.259E+02 8.467E-03 8.467E-03 0.000E+00
1.585E+02 1.254E-02 1.254E-02 0.000E+00
1.995E+02 1.747E-02 1.747E-02 0.000E+00
2.512E+02 2.264E-02 2.264E-02 0.000E+00
3.162E+02 2.680E-02 2.680E-02 0.000E+00
3.981E+02 2.853E-02 2.853E-02 0.000E+00
5.012E+02 2.745E-02 2.745E-02 0.000E+00
6.310E+02 2.444E-02 2.444E-02 0.000E+00
7.943E+02 2.084E-02 2.084E-02 0.000E+00
1.000E+03 1.767E-02 1.767E-02 0.000E+00
1.259E+03 1.559E-02 1.559E-02 0.000E+00
1.585E+03 1.547E-02 1.547E-02 0.000E+00
1.995E+03 0.000E+00 2.327E-02 0.000E+00
2.512E+03 0.000E+00 8.077E-02 0.000E+00
3.162E+03 0.000E+00 3.699E-01 0.000E+00
3.981E+03 0.000E+00 1.398E+00 0.000E+00
5.012E+03 0.000E+00 4.147E+00 0.000E+00
6.310E+03 0.000E+00 9.997E+00 0.000E+00
7.943E+03 0.000E+00 2.001E+01 0.000E+00
1.000E+04 0.000E+00 3.359E+01 0.000E+00
1.259E+04 0.000E+00 4.865E+01 0.000E+00
1.585E+04 0.000E+00 6.460E+01 0.000E+00
1.995E+04 0.000E+00 8.499E+01 0.000E+00
2.512E+04 0.000E+00 1.142E+02 0.000E+00
3.162E+04 0.000E+00 1.497E+02 0.000E+00
3.981E+04 0.000E+00 1.795E+02 0.000E+00
5.012E+04 0.000E+00 1.915E+02 0.000E+00

PAH
5.012E-04= radius (micron)
T_rad    <Qem>/a   <Qabs>/a  <Qpr>/a (micron-1)
5.012E+00 1.115E-05 1.115E-05 0.000E+00
6.310E+00 1.752E-05 1.752E-05 0.000E+00
7.943E+00 2.746E-05 2.746E-05 0.000E+00
1.000E+01 4.289E-05 4.289E-05 0.000E+00
1.259E+01 6.662E-05 6.662E-05 0.000E+00
1.585E+01 1.029E-04 1.029E-04 0.000E+00
1.995E+01 1.580E-04 1.580E-04 0.000E+00
2.512E+01 2.423E-04 2.423E-04 0.000E+00
3.162E+01 3.744E-04 3.744E-04 0.000E+00
3.981E+01 5.925E-04 5.925E-04 0.000E+00
5.012E+01 9.812E-04 9.812E-04 0.000E+00
6.310E+01 1.723E-03 1.723E-03 0.000E+00
7.943E+01 3.091E-03 3.091E-03 0.000E+00
1.000E+02 5.266E-03 5.266E-03 0.000E+00
1.259E+02 8.226E-03 8.226E-03 0.000E+00
1.585E+02 1.191E-02 1.191E-02 0.000E+00
1.995E+02 1.625E-02 1.625E-02 0.000E+00
2.512E+02 2.088E-02 2.088E-02 0.000E+00
3.162E+02 2.475E-02 2.475E-02 0.000E+00
3.981E+02 2.653E-02 2.653E-02 0.000E+00
5.012E+02 2.571E-02 2.571E-02 0.000E+00
6.310E+02 2.301E-02 2.301E-02 0.000E+00
7.943E+02 1.966E-02 1.966E-02 0.000E+00
1.000E+03 1.672E-02 1.672E-02 0.000E+00
1.259E+03 1.487E-02 1.487E-02 0.000E+00
1.585E+03 1.534E-02 1.534E-02 0.000E+00
1.995E+03 0.000E+00 2.692E-02 0.000E+00
2.512E+03 0.000E+00 1.038E-01 0.000E+00
3.162E+03 0.000E+00 4.530E-01 0.000E+00
3.981E+03 0.000E+00 1.596E+00 0.000E+00
5.012E+03 0.000E+00 4.480E+00 0.000E+00
6.310E+03 0.000E+00 1.041E+01 0.000E+00
7.943E+03 0.000E+00 2.039E+01 0.000E+00
1.000E+04 0.000E+00 3.385E+01 0.000E+00
1.259E+04 0.000E+00 4.872E+01 0.000E+00
1.585E+04 0.000E+00 6.448E+01 0.000E+00
1.995E+04 0.000E+00 8.468E+01 0.000E+00
2.512E+04 0.000E+00 1.137E+02 0.000E+00
3.162E+04 0.000E+00 1.489E+02 0.000E+00
3.981E+04 0.000E+00 1.786E+02 0.000E+00
5.012E+04 0.000E+00 1.906E+02 0.000E+00

PAH
5.623E-04= radius (micron)
T_rad    <Qem>/a   <Qabs>/a  <Qpr>/a (micron-1)
5.012E+00 1.082E-05 1.082E-05 0.000E+00
6.310E+00 1.702E-05 1.702E-05 0.000E+00
7.943E+00 2.672E-05 2.672E-05 0.000E+00
1.000E+01 4.183E-05 4.183E-05 0.000E+00
1.259E+01 6.522E-05 6.522E-05 0.000E+00
1.585E+01 1.012E-04 1.012E-04 0.000E+00
1.995E+01 1.563E-04 1.563E-04 0.000E+00
2.512E+01 2.413E-04 2.413E-04 0.000E+00
3.162E+01 3.752E-04 3.752E-04 0.000E+00
3.981E+01 5.965E-04 5.965E-04 0.000E+00
5.012E+01 9.906E-04 9.906E-04 0.000E+00
6.310E+01 1.740E-03 1.740E-03 0.000E+00
7.943E+01 3.115E-03 3.115E-03 0.000E+00
1.000E+02 5.275E-03 5.275E-03 0.000E+00
1.259E+02 8.129E-03 8.129E-03 0.000E+00
1.585E+02 1.153E-02 1.153E-02 0.000E+00
1.995E+02 1.546E-02 1.546E-02 0.000E+00
2.512E+02 1.968E-02 1.968E-02 0.000E+00
3.162E+02 2.336E-02 2.336E-02 0.000E+00
3.981E+02 2.520E-02 2.520E-02 0.000E+00
5.012E+02 2.459E-02 2.459E-02 0.000E+00
6.310E+02 2.209E-02 2.209E-02 0.000E+00
7.943E+02 1.891E-02 1.891E-02 0.000E+00
1.000E+03 1.610E-02 1.610E-02 0.000E+00
1.259E+03 1.442E-02 1.442E-02 0.000E+00
1.585E+03 1.557E-02 1.557E-02 0.000E+00
1.995E+03 0.000E+00 3.185E-02 0.000E+00
2.512E+03 0.000E+00 1.298E-01 0.000E+00
3.162E+03 0.000E+00 5.374E-01 0.000E+00
3.981E+03 0.000E+00 1.784E+00 0.000E+00
5.012E+03 0.000E+00 4.794E+00 0.000E+00
6.310E+03 0.000E+00 1.083E+01 0.000E+00
7.943E+03 0.000E+00 2.089E+01 0.000E+00
1.000E+04 0.000E+00 3.440E+01 0.000E+00
1.259E+04 0.000E+00 4.932E+01 0.000E+00
1.585E+04 0.000E+00 6.514E+01 0.000E+00
1.995E+04 0.000E+00 8.544E+01 0.000E+00
2.512E+04 0.000E+00 1.146E+02 0.000E+00
3.162E+04 0.000E+00 1.501E+02 0.000E+00
3.981E+04 0.000E+00 1.799E+02 0.000E+00
5.012E+04 0.000E+00 1.919E+02 0.000E+00

PAH
6.310E-04= radius (micron)
T_rad    <Qem>/a   <Qabs>/a  <Qpr>/a (micron-1)
5.012E+00 1.048E-05 1.048E-05 0.000E+00
6.310E+00 1.649E-05 1.649E-05 0.000E+00
7.943E+00 2.593E-05 2.593E-05 0.000E+00
1.000E+01 4.068E-05 4.068E-05 0.000E+00
1.259E+01 6.361E-05 6.361E-05 0.000E+00
1.585E+01 9.910E-05 9.910E-05 0.000E+00
1.995E+01 1.539E-04 1.539E-04 0.000E+00
2.512E+01 2.388E-04 2.388E-04 0.000E+00
3.162E+01 3.732E-04 3.732E-04 0.000E+00
3.981E+01 5.958E-04 5.958E-04 0.000E+00
5.012E+01 9.910E-04 9.910E-04 0.000E+00
6.310E+01 1.740E-03 1.740E-03 0.000E+00
7.943E+01 3.109E-03 3.109E-03 0.000E+00
1.000E+02 5.245E-03 5.245E-03 0.000E+00
1.259E+02 8.033E-03 8.033E-03 0.000E+00
1.585E+02 1.129E-02 1.129E-02 0.000E+00
1.995E+02 1.501E-02 1.501E-02 0.000E+00
2.512E+02 1.904E-02 1.904E-02 0.000E+00
3.162E+02 2.261E-02 2.261E-02 0.000E+00
3.981E+02 2.445E-02 2.445E-02 0.000E+00
5.012E+02 2.393E-02 2.393E-02 0.000E+00
6.310E+02 2.154E-02 2.154E-02 0.000E+00
7.943E+02 1.846E-02 1.846E-02 0.000E+00
1.000E+03 1.575E-02 1.575E-02 0.000E+00
1.259E+03 1.420E-02 1.420E-02 0.000E+00
1.585E+03 1.609E-02 1.609E-02 0.000E+00
1.995E+03 0.000E+00 3.693E-02 0.000E+00
2.512E+03 0.000E+00 1.524E-01 0.000E+00
3.162E+03 0.000E+00 6.013E-01 0.000E+00
3.981E+03 0.000E+00 1.907E+00 0.000E+00
5.012E+03 0.000E+00 4.962E+00 0.000E+00
6.310E+03 0.000E+00 1.100E+01 0.000E+00
7.943E+03 0.000E+00 2.099E+01 0.000E+00
1.000E+04 0.000E+00 3.439E+01 0.000E+00
1.259E+04 0.000E+00 4.918E+01 0.000E+00
1.585E+04 0.000E+00 6.487E+01 0.000E+00
1.995E+04 0.000E+00 8.502E+01 0.000E+00
2.512E+04 0.000E+00 1.141E+02 0.000E+00
3.162E+04 0.000E+00 1.493E+02 0.000E+00
3.981E+04 0.000E+00 1.790E+02 0.000E+00
5.012E+04 0.000E+00 1.910E+02 0.000E+00

PAH
7.079E-04= radius (micron)
T_rad    <Qem>/a   <Qabs>/a  <Qpr>/a (micron-1)
5.012E+00 1.021E-05 1.021E-05 0.000E+00
6.310E+00 1.608E-05 1.608E-05 0.000E+00
7.943E+00 2.530E-05 2.530E-05 0.000E+00
1.000E+01 3.976E-05 3.976E-05 0.000E+00
1.259E+01 6.235E-05 6.235E-05 0.000E+00
1.585E+01 9.750E-05 9.750E-05 0.000E+00
1.995E+01 1.521E-04 1.521E-04 0.000E+00
2.512E+01 2.373E-04 2.373E-04 0.000E+00
3.162E+01 3.729E-04 3.729E-04 0.000E+00
3.981E+01 5.979E-04 5.979E-04 0.000E+00
5.012E+01 9.970E-04 9.970E-04 0.000E+00
6.310E+01 1.752E-03 1.752E-03 0.000E+00
7.943E+01 3.127E-03 3.127E-03 0.000E+00
1.000E+02 5.267E-03 5.267E-03 0.000E+00
1.259E+02 8.054E-03 8.054E-03 0.000E+00
1.585E+02 1.130E-02 1.130E-02 0.000E+00
1.995E+02 1.500E-02 1.500E-02 0.000E+00
2.512E+02 1.900E-02 1.900E-02 0.000E+00
3.162E+02 2.256E-02 2.256E-02 0.000E+00
3.981E+02 2.442E-02 2.442E-02 0.000E+00
5.012E+02 2.390E-02 2.390E-02 0.000E+00
6.310E+02 2.152E-02 2.152E-02 0.000E+00
7.943E+02 1.844E-02 1.844E-02 0.000E+00
1.000E+03 1.574E-02 1.574E-02 0.000E+00
1.259E+03 1.426E-02 1.426E-02 0.000E+00
1.585E+03 1.693E-02 1.693E-02 0.000E+00
1.995E+03 0.000E+00 4.247E-02 0.000E+00
2.512E+03 0.000E+00 1.744E-01 0.000E+00
3.162E+03 0.000E+00 6.589E-01 0.000E+00
3.981E+03 0.000E+00 2.014E+00 0.000E+00
5.012E+03 0.000E+00 5.115E+00 0.000E+00
6.310E+03 0.000E+00 1.118E+01 0.000E+00
7.943E+03 0.000E+00 2.117E+01 0.000E+00
1.000E+04 0.000E+00 3.457E+01 0.000E+00
1.259E+04 0.000E+00 4.935E+01 0.000E+00
1.585E+04 0.000E+00 6.504E+01 0.000E+00
1.995E+04 0.000E+00 8.522E+01 0.000E+00
2.512E+04 0.000E+00 1.143E+02 0.000E+00
3.162E+04 0.000E+00 1.496E+02 0.000E+00
3.981E+04 0.000E+00 1.794E+02 0.000E+00
5.012E+04 0.000E+00 1.913E+02 0.000E+00

PAH
7.943E-04= radius (micron)
T_rad    <Qem>/a   <Qabs>/a  <Qpr>/a (micron-1)
5.012E+00 9.966E-06 9.966E-06 0.000E+00
6.310E+00 1.570E-05 1.570E-05 0.000E+00
7.943E+00 2.472E-05 2.472E-05 0.000E+00
1.000E+01 3.891E-05 3.891E-05 0.000E+00
1.259E+01 6.116E-05 6.116E-05 0.000E+00
1.585E+01 9.594E-05 9.594E-05 0.000E+00
1.995E+01 1.503E-04 1.503E-04 0.000E+00
2.512E+01 2.356E-04 2.356E-04 0.000E+00
3.162E+01 3.721E-04 3.721E-04 0.000E+00
3.981E+01 5.991E-04 5.991E-04 0.000E+00
5.012E+01 1.002E-03 1.002E-03 0.000E+00
6.310E+01 1.760E-03 1.760E-03 0.000E+00
7.943E+01 3.139E-03 3.139E-03 0.000E+00
1.000E+02 5.283E-03 5.283E-03 0.000E+00
1.259E+02 8.067E-03 8.067E-03 0.000E+00
1.585E+02 1.131E-02 1.131E-02 0.000E+00
1.995E+02 1.499E-02 1.499E-02 0.000E+00
2.512E+02 1.898E-02 1.898E-02 0.000E+00
3.162E+02 2.253E-02 2.253E-02 0.000E+00
3.981E+02 2.438E-02 2.438E-02 0.000E+00
5.012E+02 2.387E-02 2.387E-02 0.000E+00
6.310E+02 2.149E-02 2.149E-02 0.000E+00
7.943E+02 1.842E-02 1.842E-02 0.000E+00
1.000E+03 1.572E-02 1.572E-02 0.000E+00
1.259E+03 1.434E-02 1.434E-02 0.000E+00
1.585E+03 1.783E-02 1.783E-02 0.000E+00
1.995E+03 0.000E+00 4.771E-02 0.000E+00
2.512E+03 0.000E+00 1.933E-01 0.000E+00
3.162E+03 0.000E+00 7.043E-01 0.000E+00
3.981E+03 0.000E+00 2.093E+00 0.000E+00
5.012E+03 0.000E+00 5.219E+00 0.000E+00
6.310E+03 0.000E+00 1.129E+01 0.000E+00
7.943E+03 0.000E+00 2.128E+01 0.000E+00
1.000E+04 0.000E+00 3.465E+01 0.000E+00
1.259E+04 0.000E+00 4.943E+01 0.000E+00
1.585E+04 0.000E+00 6.510E+01 0.000E+00
1.995E+04 0.000E+00 8.527E+01 0.000E+00
2.512E+04 0.000E+00 1.143E+02 0.000E+00
3.162E+04 0.000E+00 1.497E+02 0.000E+00
3.981E+04 0.000E+00 1.794E+02 0.000E+00
5.012E+04 0.000E+00 1.913E+02 0.000E+00

PAH
8.913E-04= radius (micron)
T_rad    <Qem>/a   <Qabs>/a  <Qpr>/a (micron-1)
5.012E+00 9.744E-06 9.744E-06 0.000E+00
6.310E+00 1.535E-05 1.535E-05 0.000E+00
7.943E+00 2.419E-05 2.419E-05 0.000E+00
1.000E+01 3.811E-05 3.811E-05 0.000E+00
1.259E+01 6.002E-05 6.002E-05 0.000E+00
1.585E+01 9.442E-05 9.442E-05 0.000E+00
1.995E+01 1.484E-04 1.484E-04 0.000E+00
2.512E+01 2.338E-04 2.338E-04 0.000E+00
3.162E+01 3.709E-04 3.709E-04 0.000E+00
3.981E+01 5.995E-04 5.995E-04 0.000E+00
5.012E+01 1.005E-03 1.005E-03 0.000E+00
6.310E+01 1.766E-03 1.766E-03 0.000E+00
7.943E+01 3.148E-03 3.148E-03 0.000E+00
1.000E+02 5.291E-03 5.291E-03 0.000E+00
1.259E+02 8.071E-03 8.071E-03 0.000E+00
1.585E+02 1.130E-02 1.130E-02 0.000E+00
1.995E+02 1.497E-02 1.497E-02 0.000E+00
2.512E+02 1.894E-02 1.894E-02 0.000E+00
3.162E+02 2.248E-02 2.248E-02 0.000E+00
3.981E+02 2.433E-02 2.433E-02 0.000E+00
5.012E+02 2.382E-02 2.382E-02 0.000E+00
6.310E+02 2.146E-02 2.146E-02 0.000E+00
7.943E+02 1.839E-02 1.839E-02 0.000E+00
1.000E+03 1.571E-02 1.571E-02 0.000E+00
1.259E+03 1.442E-02 1.442E-02 0.000E+00
1.585E+03 1.872E-02 1.872E-02 0.000E+00
1.995E+03 0.000E+00 5.243E-02 0.000E+00
2.512E+03 0.000E+00 2.089E-01 0.000E+00
3.162E+03 0.000E+00 7.390E-01 0.000E+00
3.981E+03 0.000E+00 2.148E+00 0.000E+00
5.012E+03 0.000E+00 5.285E+00 0.000E+00
6.310E+03 0.000E+00 1.135E+01 0.000E+00
7.943E+03 0.000E+00 2.132E+01 0.000E+00
1.000E+04 0.000E+00 3.466E+01 0.000E+00
1.259E+04 0.000E+00 4.941E+01 0.000E+00
1.585E+04 0.000E+00 6.506E+01 0.000E+00
1.995E+04 0.000E+00 8.520E+01 0.000E+00
2.512E+04 0.000E+00 1.142E+02 0.000E+00
3.162E+04 0.000E+00 1.495E+02 0.000E+00
3.981E+04 0.000E+00 1.792E+02 0.000E+00
5.012E+04 0.000E+00 1.911E+02 0.000E+00

PAH
1.000E-03= radius (micron)
T_rad    <Qem>/a   <Qabs>/a  <Qpr>/a (micron-1)
5.012E+00 9.549E-06 9.549E-06 0.000E+00
6.310E+00 1.504E-05 1.504E-05 0.000E+00
7.943E+00 2.371E-05 2.371E-05 0.000E+00
1.000E+01 3.740E-05 3.740E-05 0.000E+00
1.259E+01 5.899E-05 5.899E-05 0.000E+00
1.585E+01 9.303E-05 9.303E-05 0.000E+00
1.995E+01 1.467E-04 1.467E-04 0.000E+00
2.512E+01 2.320E-04 2.320E-04 0.000E+00
3.162E+01 3.697E-04 3.697E-04 0.000E+00
3.981E+01 5.998E-04 5.998E-04 0.000E+00
5.012E+01 1.007E-03 1.007E-03 0.000E+00
6.310E+01 1.772E-03 1.772E-03 0.000E+00
7.943E+01 3.157E-03 3.157E-03 0.000E+00
1.000E+02 5.302E-03 5.302E-03 0.000E+00
1.259E+02 8.085E-03 8.085E-03 0.000E+00
1.585E+02 1.132E-02 1.132E-02 0.000E+00
1.995E+02 1.500E-02 1.500E-02 0.000E+00
2.512E+02 1.899E-02 1.899E-02 0.000E+00
3.162E+02 2.253E-02 2.253E-02 0.000E+00
3.981E+02 2.437E-02 2.437E-02 0.000E+00
5.012E+02 2.386E-02 2.386E-02 0.000E+00
6.310E+02 2.148E-02 2.148E-02 0.000E+00
7.943E+02 1.842E-02 1.842E-02 0.000E+00
1.000E+03 1.573E-02 1.573E-02 0.000E+00
1.259E+03 1.454E-02 1.454E-02 0.000E+00
1.585E+03 1.960E-02 1.960E-02 0.000E+00
1.995E+03 0.000E+00 5.662E-02 0.000E+00
2.512E+03 0.000E+00 2.218E-01 0.000E+00
3.162E+03 0.000E+00 7.661E-01 0.000E+00
3.981E+03 0.000E+00 2.189E+00 0.000E+00
5.012E+03 0.000E+00 5.332E+00 0.000E+00
6.310E+03 0.000E+00 1.139E+01 0.000E+00
7.943E+03 0.000E+00 2.134E+01 0.000E+00
1.000E+04 0.000E+00 3.467E+01 0.000E+00
1.259E+04 0.000E+00 4.939E+01 0.000E+00
1.585E+04 0.000E+00 6.502E+01 0.000E+00
1.995E+04 0.000E+00 8.514E+01 0.000E+00
2.512E+04 0.000E+00 1.141E+02 0.000E+00
3.162E+04 0.000E+00 1.494E+02 0.000E+00
3.981E+04 0.000E+00 1.791E+02 0.000E+00
5.012E+04 0.000E+00 1.909E+02 0.000E+00

PAH
1.122E-03= radius (micron)
T_rad    <Qem>/a   <Qabs>/a  <Qpr>/a (micron-1)
5.012E+00 9.381E-06 9.381E-06 0.000E+00
6.310E+00 1.477E-05 1.477E-05 0.000E+00
7.943E+00 2.329E-05 2.329E-05 0.000E+00
1.000E+01 3.677E-05 3.677E-05 0.000E+00
1.259E+01 5.807E-05 5.807E-05 0.000E+00
1.585E+01 9.177E-05 9.177E-05 0.000E+00
1.995E+01 1.452E-04 1.452E-04 0.000E+00
2.512E+01 2.304E-04 2.304E-04 0.000E+00
3.162E+01 3.686E-04 3.686E-04 0.000E+00
3.981E+01 6.001E-04 6.001E-04 0.000E+00
5.012E+01 1.010E-03 1.010E-03 0.000E+00
6.310E+01 1.779E-03 1.779E-03 0.000E+00
7.943E+01 3.167E-03 3.167E-03 0.000E+00
1.000E+02 5.314E-03 5.314E-03 0.000E+00
1.259E+02 8.095E-03 8.095E-03 0.000E+00
1.585E+02 1.133E-02 1.133E-02 0.000E+00
1.995E+02 1.499E-02 1.499E-02 0.000E+00
2.512E+02 1.897E-02 1.897E-02 0.000E+00
3.162E+02 2.250E-02 2.250E-02 0.000E+00
3.981E+02 2.434E-02 2.434E-02 0.000E+00
5.012E+02 2.383E-02 2.383E-02 0.000E+00
6.310E+02 2.146E-02 2.146E-02 0.000E+00
7.943E+02 1.840E-02 1.840E-02 0.000E+00
1.000E+03 1.573E-02 1.573E-02 0.000E+00
1.259E+03 1.464E-02 1.464E-02 0.000E+00
1.585E+03 2.039E-02 2.039E-02 0.000E+00
1.995E+03 0.000E+00 6.028E-02 0.000E+00
2.512E+03 0.000E+00 2.325E-01 0.000E+00
3.162E+03 0.000E+00 7.877E-01 0.000E+00
3.981E+03 0.000E+00 2.222E+00 0.000E+00
5.012E+03 0.000E+00 5.370E+00 0.000E+00
6.310E+03 0.000E+00 1.143E+01 0.000E+00
7.943E+03 0.000E+00 2.137E+01 0.000E+00
1.000E+04 0.000E+00 3.470E+01 0.000E+00
1.259E+04 0.000E+00 4.941E+01 0.000E+00
1.585E+04 0.000E+00 6.504E+01 0.000E+00
1.995E+04 0.000E+00 8.516E+01 0.000E+00
2.512E+04 0.000E+00 1.142E+02 0.000E+00
3.162E+04 0.000E+00 1.494E+02 0.000E+00
3.981E+04 0.000E+00 1.791E+02 0.000E+00
5.012E+04 0.000E+00 1.909E+02 0.000E+00

PAH
1.259E-03= radius (micron)
T_rad    <Qem>/a   <Qabs>/a  <Qpr>/a (micron-1)
5.012E+00 9.234E-06 9.234E-06 0.000E+00
6.310E+00 1.454E-05 1.454E-05 0.000E+00
7.943E+00 2.292E-05 2.292E-05 0.000E+00
1.000E+01 3.620E-05 3.620E-05 0.000E+00
1.259E+01 5.724E-05 5.724E-05 0.000E+00
1.585E+01 9.063E-05 9.063E-05 0.000E+00
1.995E+01 1.437E-04 1.437E-04 0.000E+00
2.512E+01 2.289E-04 2.289E-04 0.000E+00
3.162E+01 3.675E-04 3.675E-04 0.000E+00
3.981E+01 6.004E-04 6.004E-04 0.000E+00
5.012E+01 1.013E-03 1.013E-03 0.000E+00
6.310E+01 1.785E-03 1.785E-03 0.000E+00
7.943E+01 3.176E-03 3.176E-03 0.000E+00
1.000E+02 5.326E-03 5.326E-03 0.000E+00
1.259E+02 8.110E-03 8.110E-03 0.000E+00
1.585E+02 1.134E-02 1.134E-02 0.000E+00
1.995E+02 1.501E-02 1.501E-02 0.000E+00
2.512E+02 1.899E-02 1.899E-02 0.000E+00
3.162E+02 2.253E-02 2.253E-02 0.000E+00
3.981E+02 2.437E-02 2.437E-02 0.000E+00
5.012E+02 2.385E-02 2.385E-02 0.000E+00
6.310E+02 2.148E-02 2.148E-02 0.000E+00
7.943E+02 1.841E-02 1.841E-02 0.000E+00
1.000E+03 1.575E-02 1.575E-02 0.000E+00
1.259E+03 1.475E-02 1.475E-02 0.000E+00
1.585E+03 2.113E-02 2.113E-02 0.000E+00
1.995E+03 0.000E+00 6.339E-02 0.000E+00
2.512E+03 0.000E+00 2.411E-01 0.000E+00
3.162E+03 0.000E+00 8.044E-01 0.000E+00
3.981E+03 0.000E+00 2.246E+00 0.000E+00
5.012E+03 0.000E+00 5.398E+00 0.000E+00
6.310E+03 0.000E+00 1.145E+01 0.000E+00
7.943E+03 0.000E+00 2.140E+01 0.000E+00
1.000E+04 0.000E+00 3.471E+01 0.000E+00
1.259E+04 0.000E+00 4.942E+01 0.000E+00
1.585E+04 0.000E+00 6.505E+01 0.000E+00
1.995E+04 0.000E+00 8.517E+01 0.000E+00
2.512E+04 0.000E+00 1.142E+02 0.000E+00
3.162E+04 0.000E+00 1.494E+02 0.000E+00
3.981E+04 0.000E+00 1.790E+02 0.000E+00
5.012E+04 0.000E+00 1.908E+02 0.000E+00

PAH
1.413E-03= radius (micron)
T_rad    <Qem>/a   <Qabs>/a  <Qpr>/a (micron-1)
5.012E+00 9.105E-06 9.105E-06 0.000E+00
6.310E+00 1.433E-05 1.433E-05 0.000E+00
7.943E+00 2.259E-05 2.259E-05 0.000E+00
1.000E+01 3.569E-05 3.569E-05 0.000E+00
1.259E+01 5.649E-05 5.649E-05 0.000E+00
1.585E+01 8.957E-05 8.957E-05 0.000E+00
1.995E+01 1.424E-04 1.424E-04 0.000E+00
2.512E+01 2.274E-04 2.274E-04 0.000E+00
3.162E+01 3.664E-04 3.664E-04 0.000E+00
3.981E+01 6.004E-04 6.004E-04 0.000E+00
5.012E+01 1.015E-03 1.015E-03 0.000E+00
6.310E+01 1.790E-03 1.790E-03 0.000E+00
7.943E+01 3.185E-03 3.185E-03 0.000E+00
1.000E+02 5.336E-03 5.336E-03 0.000E+00
1.259E+02 8.119E-03 8.119E-03 0.000E+00
1.585E+02 1.135E-02 1.135E-02 0.000E+00
1.995E+02 1.501E-02 1.501E-02 0.000E+00
2.512E+02 1.897E-02 1.897E-02 0.000E+00
3.162E+02 2.251E-02 2.251E-02 0.000E+00
3.981E+02 2.434E-02 2.434E-02 0.000E+00
5.012E+02 2.383E-02 2.383E-02 0.000E+00
6.310E+02 2.146E-02 2.146E-02 0.000E+00
7.943E+02 1.840E-02 1.840E-02 0.000E+00
1.000E+03 1.574E-02 1.574E-02 0.000E+00
1.259E+03 1.484E-02 1.484E-02 0.000E+00
1.585E+03 2.176E-02 2.176E-02 0.000E+00
1.995E+03 0.000E+00 6.600E-02 0.000E+00
2.512E+03 0.000E+00 2.481E-01 0.000E+00
3.162E+03 0.000E+00 8.175E-01 0.000E+00
3.981E+03 0.000E+00 2.264E+00 0.000E+00
5.012E+03 0.000E+00 5.419E+00 0.000E+00
6.310E+03 0.000E+00 1.147E+01 0.000E+00
7.943E+03 0.000E+00 2.141E+01 0.000E+00
1.000E+04 0.000E+00 3.473E+01 0.000E+00
1.259E+04 0.000E+00 4.943E+01 0.000E+00
1.585E+04 0.000E+00 6.506E+01 0.000E+00
1.995E+04 0.000E+00 8.517E+01 0.000E+00
2.512E+04 0.000E+00 1.142E+02 0.000E+00
3.162E+04 0.000E+00 1.494E+02 0.000E+00
3.981E+04 0.000E+00 1.790E+02 0.000E+00
5.012E+04 0.000E+00 1.907E+02 0.000E+00

PAH
1.585E-03= radius (micron)
T_rad    <Qem>/a   <Qabs>/a  <Qpr>/a (micron-1)
5.012E+00 8.992E-06 8.992E-06 0.000E+00
6.310E+00 1.414E-05 1.414E-05 0.000E+00
7.943E+00 2.230E-05 2.230E-05 0.000E+00
1.000E+01 3.524E-05 3.524E-05 0.000E+00
1.259E+01 5.581E-05 5.581E-05 0.000E+00
1.585E+01 8.860E-05 8.860E-05 0.000E+00
1.995E+01 1.411E-04 1.411E-04 0.000E+00
2.512E+01 2.260E-04 2.260E-04 0.000E+00
3.162E+01 3.652E-04 3.652E-04 0.000E+00
3.981E+01 6.002E-04 6.002E-04 0.000E+00
5.012E+01 1.017E-03 1.017E-03 0.000E+00
6.310E+01 1.795E-03 1.795E-03 0.000E+00
7.943E+01 3.192E-03 3.192E-03 0.000E+00
1.000E+02 5.345E-03 5.345E-03 0.000E+00
1.259E+02 8.128E-03 8.128E-03 0.000E+00
1.585E+02 1.136E-02 1.136E-02 0.000E+00
1.995E+02 1.501E-02 1.501E-02 0.000E+00
2.512E+02 1.898E-02 1.898E-02 0.000E+00
3.162E+02 2.251E-02 2.251E-02 0.000E+00
3.981E+02 2.435E-02 2.435E-02 0.000E+00
5.012E+02 2.383E-02 2.383E-02 0.000E+00
6.310E+02 2.146E-02 2.146E-02 0.000E+00
7.943E+02 1.840E-02 1.840E-02 0.000E+00
1.000E+03 1.576E-02 1.576E-02 0.000E+00
1.259E+03 1.493E-02 1.493E-02 0.000E+00
1.585E+03 2.232E-02 2.232E-02 0.000E+00
1.995E+03 0.000E+00 6.816E-02 0.000E+00
2.512E+03 0.000E+00 2.536E-01 0.000E+00
3.162E+03 0.000E+00 8.274E-01 0.000E+00
3.981E+03 0.000E+00 2.277E+00 0.000E+00
5.012E+03 0.000E+00 5.432E+00 0.000E+00
6.310E+03 0.000E+00 1.148E+01 0.000E+00
7.943E+03 0.000E+00 2.142E+01 0.000E+00
1.000E+04 0.000E+00 3.472E+01 0.000E+00
1.259E+04 0.000E+00 4.942E+01 0.000E+00
1.585E+04 0.000E+00 6.504E+01 0.000E+00
1.995E+04 0.000E+00 8.515E+01 0.000E+00
2.512E+04 0.000E+00 1.141E+02 0.000E+00
3.162E+04 0.000E+00 1.493E+02 0.000E+00
3.981E+04 0.000E+00 1.789E+02 0.000E+00
5.012E+04 0.000E+00 1.906E+02 0.000E+00

PAH
1.778E-03= radius (micron)
T_rad    <Qem>/a   <Qabs>/a  <Qpr>/a (micron-1)
5.012E+00 8.897E-06 8.897E-06 0.000E+00
6.310E+00 1.399E-05 1.399E-05 0.000E+00
7.943E+00 2.204E-05 2.204E-05 0.000E+00
1.000E+01 3.484E-05 3.484E-05 0.000E+00
1.259E+01 5.520E-05 5.520E-05 0.000E+00
1.585E+01 8.774E-05 8.774E-05 0.000E+00
1.995E+01 1.400E-04 1.400E-04 0.000E+00
2.512E+01 2.247E-04 2.247E-04 0.000E+00
3.162E+01 3.641E-04 3.641E-04 0.000E+00
3.981E+01 6.001E-04 6.001E-04 0.000E+00
5.012E+01 1.019E-03 1.019E-03 0.000E+00
6.310E+01 1.799E-03 1.799E-03 0.000E+00
7.943E+01 3.199E-03 3.199E-03 0.000E+00
1.000E+02 5.355E-03 5.355E-03 0.000E+00
1.259E+02 8.138E-03 8.138E-03 0.000E+00
1.585E+02 1.136E-02 1.136E-02 0.000E+00
1.995E+02 1.502E-02 1.502E-02 0.000E+00
2.512E+02 1.899E-02 1.899E-02 0.000E+00
3.162E+02 2.251E-02 2.251E-02 0.000E+00
3.981E+02 2.435E-02 2.435E-02 0.000E+00
5.012E+02 2.383E-02 2.383E-02 0.000E+00
6.310E+02 2.146E-02 2.146E-02 0.000E+00
7.943E+02 1.841E-02 1.841E-02 0.000E+00
1.000E+03 1.576E-02 1.576E-02 0.000E+00
1.259E+03 1.501E-02 1.501E-02 0.000E+00
1.585E+03 2.281E-02 2.281E-02 0.000E+00
1.995E+03 0.000E+00 6.998E-02 0.000E+00
2.512E+03 0.000E+00 2.581E-01 0.000E+00
3.162E+03 0.000E+00 8.354E-01 0.000E+00
3.981E+03 0.000E+00 2.288E+00 0.000E+00
5.012E+03 0.000E+00 5.444E+00 0.000E+00
6.310E+03 0.000E+00 1.149E+01 0.000E+00
7.943E+03 0.000E+00 2.143E+01 0.000E+00
1.000E+04 0.000E+00 3.473E+01 0.000E+00
1.259E+04 0.000E+00 4.943E+01 0.000E+00
1.585E+04 0.000E+00 6.505E+01 0.000E+00
1.995E+04 0.000E+00 8.515E+01 0.000E+00
2.512E+04 0.000E+00 1.141E+02 0.000E+00
3.162E+04 0.000E+00 1.493E+02 0.000E+00
3.981E+04 0.000E+00 1.788E+02 0.000E+00
5.012E+04 0.000E+00 1.904E+02 0.000E+00

PAH
1.995E-03= radius (micron)
T_rad    <Qem>/a   <Qabs>/a  <Qpr>/a (micron-1)
5.012E+00 8.814E-06 8.814E-06 0.000E+00
6.310E+00 1.385E-05 1.385E-05 0.000E+00
7.943E+00 2.182E-05 2.182E-05 0.000E+00
1.000E+01 3.448E-05 3.448E-05 0.000E+00
1.259E+01 5.466E-05 5.466E-05 0.000E+00
1.585E+01 8.696E-05 8.696E-05 0.000E+00
1.995E+01 1.390E-04 1.390E-04 0.000E+00
2.512E+01 2.235E-04 2.235E-04 0.000E+00
3.162E+01 3.631E-04 3.631E-04 0.000E+00
3.981E+01 5.999E-04 5.999E-04 0.000E+00
5.012E+01 1.020E-03 1.020E-03 0.000E+00
6.310E+01 1.803E-03 1.803E-03 0.000E+00
7.943E+01 3.205E-03 3.205E-03 0.000E+00
1.000E+02 5.362E-03 5.362E-03 0.000E+00
1.259E+02 8.145E-03 8.145E-03 0.000E+00
1.585E+02 1.137E-02 1.137E-02 0.000E+00
1.995E+02 1.502E-02 1.502E-02 0.000E+00
2.512E+02 1.898E-02 1.898E-02 0.000E+00
3.162E+02 2.251E-02 2.251E-02 0.000E+00
3.981E+02 2.434E-02 2.434E-02 0.000E+00
5.012E+02 2.383E-02 2.383E-02 0.000E+00
6.310E+02 2.146E-02 2.146E-02 0.000E+00
7.943E+02 1.840E-02 1.840E-02 0.000E+00
1.000E+03 1.577E-02 1.577E-02 0.000E+00
1.259E+03 1.508E-02 1.508E-02 0.000E+00
1.585E+03 2.322E-02 2.322E-02 0.000E+00
1.995E+03 0.000E+00 7.147E-02 0.000E+00
2.512E+03 0.000E+00 2.617E-01 0.000E+00
3.162E+03 0.000E+00 8.416E-01 0.000E+00
3.981E+03 0.000E+00 2.296E+00 0.000E+00
5.012E+03 0.000E+00 5.452E+00 0.000E+00
6.310E+03 0.000E+00 1.150E+01 0.000E+00
7.943E+03 0.000E+00 2.143E+01 0.000E+00
1.000E+04 0.000E+00 3.473E+01 0.000E+00
1.259E+04 0.000E+00 4.943E+01 0.000E+00
1.585E+04 0.000E+00 6.504E+01 0.000E+00
1.995E+04 0.000E+00 8.514E+01 0.000E+00
2.512E+04 0.000E+00 1.141E+02 0.000E+00
3.162E+04 0.000E+00 1.492E+02 0.000E+00
3.981E+04 0.000E+00 1.787E+02 0.000E+00
5.012E+04 0.000E+00 1.902E+02 0.000E+00

PAH
2.239E-03= radius (micron)
T_rad    <Qem>/a   <Qabs>/a  <Qpr>/a (micron-1)
5.012E+00 8.743E-06 8.743E-06 0.000E+00
6.310E+00 1.373E-05 1.373E-05 0.000E+00
7.943E+00 2.162E-05 2.162E-05 0.000E+00
1.000E+01 3.417E-05 3.417E-05 0.000E+00
1.259E+01 5.418E-05 5.418E-05 0.000E+00
1.585E+01 8.625E-05 8.625E-05 0.000E+00
1.995E+01 1.380E-04 1.380E-04 0.000E+00
2.512E+01 2.224E-04 2.224E-04 0.000E+00
3.162E+01 3.621E-04 3.621E-04 0.000E+00
3.981E+01 5.996E-04 5.996E-04 0.000E+00
5.012E+01 1.022E-03 1.022E-03 0.000E+00
6.310E+01 1.807E-03 1.807E-03 0.000E+00
7.943E+01 3.211E-03 3.211E-03 0.000E+00
1.000E+02 5.370E-03 5.370E-03 0.000E+00
1.259E+02 8.153E-03 8.153E-03 0.000E+00
1.585E+02 1.138E-02 1.138E-02 0.000E+00
1.995E+02 1.503E-02 1.503E-02 0.000E+00
2.512E+02 1.899E-02 1.899E-02 0.000E+00
3.162E+02 2.251E-02 2.251E-02 0.000E+00
3.981E+02 2.435E-02 2.435E-02 0.000E+00
5.012E+02 2.383E-02 2.383E-02 0.000E+00
6.310E+02 2.146E-02 2.146E-02 0.000E+00
7.943E+02 1.841E-02 1.841E-02 0.000E+00
1.000E+03 1.578E-02 1.578E-02 0.000E+00
1.259E+03 1.514E-02 1.514E-02 0.000E+00
1.585E+03 2.357E-02 2.357E-02 0.000E+00
1.995E+03 0.000E+00 7.272E-02 0.000E+00
2.512E+03 0.000E+00 2.647E-01 0.000E+00
3.162E+03 0.000E+00 8.467E-01 0.000E+00
3.981E+03 0.000E+00 2.303E+00 0.000E+00
5.012E+03 0.000E+00 5.459E+00 0.000E+00
6.310E+03 0.000E+00 1.151E+01 0.000E+00
7.943E+03 0.000E+00 2.144E+01 0.000E+00
1.000E+04 0.000E+00 3.474E+01 0.000E+00
1.259E+04 0.000E+00 4.943E+01 0.000E+00
1.585E+04 0.000E+00 6.504E+01 0.000E+00
1.995E+04 0.000E+00 8.514E+01 0.000E+00
2.512E+04 0.000E+00 1.141E+02 0.000E+00
3.162E+04 0.000E+00 1.492E+02 0.000E+00
3.981E+04 0.000E+00 1.785E+02 0.000E+00
5.012E+04 0.000E+00 1.900E+02 0.000E+00

PAH
2.512E-03= radius (micron)
T_rad    <Qem>/a   <Qabs>/a  <Qpr>/a (micron-1)
5.012E+00 8.683E-06 8.683E-06 0.000E+00
6.310E+00 1.363E-05 1.363E-05 0.000E+00
7.943E+00 2.145E-05 2.145E-05 0.000E+00
1.000E+01 3.389E-05 3.389E-05 0.000E+00
1.259E+01 5.376E-05 5.376E-05 0.000E+00
1.585E+01 8.563E-05 8.563E-05 0.000E+00
1.995E+01 1.372E-04 1.372E-04 0.000E+00
2.512E+01 2.214E-04 2.214E-04 0.000E+00
3.162E+01 3.612E-04 3.612E-04 0.000E+00
3.981E+01 5.994E-04 5.994E-04 0.000E+00
5.012E+01 1.023E-03 1.023E-03 0.000E+00
6.310E+01 1.810E-03 1.810E-03 0.000E+00
7.943E+01 3.217E-03 3.217E-03 0.000E+00
1.000E+02 5.377E-03 5.377E-03 0.000E+00
1.259E+02 8.161E-03 8.161E-03 0.000E+00
1.585E+02 1.138E-02 1.138E-02 0.000E+00
1.995E+02 1.503E-02 1.503E-02 0.000E+00
2.512E+02 1.899E-02 1.899E-02 0.000E+00
3.162E+02 2.252E-02 2.252E-02 0.000E+00
3.981E+02 2.435E-02 2.435E-02 0.000E+00
5.012E+02 2.383E-02 2.383E-02 0.000E+00
6.310E+02 2.146E-02 2.146E-02 0.000E+00
7.943E+02 1.841E-02 1.841E-02 0.000E+00
1.000E+03 1.579E-02 1.579E-02 0.000E+00
1.259E+03 1.520E-02 1.520E-02 0.000E+00
1.585E+03 2.387E-02 2.387E-02 0.000E+00
1.995E+03 0.000E+00 7.375E-02 0.000E+00
2.512E+03 0.000E+00 2.671E-01 0.000E+00
3.162E+03 0.000E+00 8.508E-01 0.000E+00
3.981E+03 0.000E+00 2.308E+00 0.000E+00
5.012E+03 0.000E+00 5.465E+00 0.000E+00
6.310E+03 0.000E+00 1.151E+01 0.000E+00
7.943E+03 0.000E+00 2.144E+01 0.000E+00
1.000E+04 0.000E+00 3.474E+01 0.000E+00
1.259E+04 0.000E+00 4.944E+01 0.000E+00
1.585E+04 0.000E+00 6.505E+01 0.000E+00
1.995E+04 0.000E+00 8.515E+01 0.000E+00
2.512E+04 0.000E+00 1.141E+02 0.000E+00
3.162E+04 0.000E+00 1.491E+02 0.000E+00
3.981E+04 0.000E+00 1.784E+02 0.000E+00
5.012E+04 0.000E+00 1.897E+02 0.000E+00

PAH
2.818E-03= radius (micron)
T_rad    <Qem>/a   <Qabs>/a  <Qpr>/a (micron-1)
5.012E+00 8.631E-06 8.631E-06 0.000E+00
6.310E+00 1.354E-05 1.354E-05 0.000E+00
7.943E+00 2.131E-05 2.131E-05 0.000E+00
1.000E+01 3.365E-05 3.365E-05 0.000E+00
1.259E+01 5.338E-05 5.338E-05 0.000E+00
1.585E+01 8.507E-05 8.507E-05 0.000E+00
1.995E+01 1.364E-04 1.364E-04 0.000E+00
2.512E+01 2.204E-04 2.204E-04 0.000E+00
3.162E+01 3.604E-04 3.604E-04 0.000E+00
3.981E+01 5.992E-04 5.992E-04 0.000E+00
5.012E+01 1.024E-03 1.024E-03 0.000E+00
6.310E+01 1.813E-03 1.813E-03 0.000E+00
7.943E+01 3.222E-03 3.222E-03 0.000E+00
1.000E+02 5.384E-03 5.384E-03 0.000E+00
1.259E+02 8.170E-03 8.170E-03 0.000E+00
1.585E+02 1.139E-02 1.139E-02 0.000E+00
1.995E+02 1.504E-02 1.504E-02 0.000E+00
2.512E+02 1.900E-02 1.900E-02 0.000E+00
3.162E+02 2.252E-02 2.252E-02 0.000E+00
3.981E+02 2.436E-02 2.436E-02 0.000E+00
5.012E+02 2.384E-02 2.384E-02 0.000E+00
6.310E+02 2.147E-02 2.147E-02 0.000E+00
7.943E+02 1.841E-02 1.841E-02 0.000E+00
1.000E+03 1.579E-02 1.579E-02 0.000E+00
1.259E+03 1.525E-02 1.525E-02 0.000E+00
1.585E+03 2.412E-02 2.412E-02 0.000E+00
1.995E+03 0.000E+00 7.461E-02 0.000E+00
2.512E+03 0.000E+00 2.691E-01 0.000E+00
3.162E+03 0.000E+00 8.540E-01 0.000E+00
3.981E+03 0.000E+00 2.312E+00 0.000E+00
5.012E+03 0.000E+00 5.469E+00 0.000E+00
6.310E+03 0.000E+00 1.152E+01 0.000E+00
7.943E+03 0.000E+00 2.144E+01 0.000E+00
1.000E+04 0.000E+00 3.474E+01 0.000E+00
1.259E+04 0.000E+00 4.944E+01 0.000E+00
1.585E+04 0.000E+00 6.505E+01 0.000E+00
1.995E+04 0.000E+00 8.515E+01 0.000E+00
2.512E+04 0.000E+00 1.141E+02 0.000E+00
3.162E+04 0.000E+00 1.490E+02 0.000E+00
3.981E+04 0.000E+00 1.782E+02 0.000E+00
5.012E+04 0.000E+00 1.893E+02 0.000E+00

PAH
3.162E-03= radius (micron)
T_rad    <Qem>/a   <Qabs>/a  <Qpr>/a (micron-1)
5.012E+00 8.586E-06 8.586E-06 0.000E+00
6.310E+00 1.346E-05 1.346E-05 0.000E+00
7.943E+00 2.118E-05 2.118E-05 0.000E+00
1.000E+01 3.345E-05 3.345E-05 0.000E+00
1.259E+01 5.305E-05 5.305E-05 0.000E+00
1.585E+01 8.458E-05 8.458E-05 0.000E+00
1.995E+01 1.357E-04 1.357E-04 0.000E+00
2.512E+01 2.196E-04 2.196E-04 0.000E+00
3.162E+01 3.596E-04 3.596E-04 0.000E+00
3.981E+01 5.989E-04 5.989E-04 0.000E+00
5.012E+01 1.025E-03 1.025E-03 0.000E+00
6.310E+01 1.813E-03 1.813E-03 0.000E+00
7.943E+01 3.214E-03 3.214E-03 0.000E+00
1.000E+02 5.350E-03 5.350E-03 0.000E+00
1.259E+02 8.093E-03 8.093E-03 0.000E+00
1.585E+02 1.128E-02 1.128E-02 0.000E+00
1.995E+02 1.491E-02 1.491E-02 0.000E+00
2.512E+02 1.887E-02 1.887E-02 0.000E+00
3.162E+02 2.242E-02 2.242E-02 0.000E+00
3.981E+02 2.428E-02 2.428E-02 0.000E+00
5.012E+02 2.379E-02 2.379E-02 0.000E+00
6.310E+02 2.144E-02 2.144E-02 0.000E+00
7.943E+02 1.840E-02 1.840E-02 0.000E+00
1.000E+03 1.579E-02 1.579E-02 0.000E+00
1.259E+03 1.528E-02 1.528E-02 0.000E+00
1.585E+03 2.433E-02 2.433E-02 0.000E+00
1.995E+03 0.000E+00 7.533E-02 0.000E+00
2.512E+03 0.000E+00 2.707E-01 0.000E+00
3.162E+03 0.000E+00 8.567E-01 0.000E+00
3.981E+03 0.000E+00 2.316E+00 0.000E+00
5.012E+03 0.000E+00 5.473E+00 0.000E+00
6.310E+03 0.000E+00 1.152E+01 0.000E+00
7.943E+03 0.000E+00 2.145E+01 0.000E+00
1.000E+04 0.000E+00 3.475E+01 0.000E+00
1.259E+04 0.000E+00 4.944E+01 0.000E+00
1.585E+04 0.000E+00 6.505E+01 0.000E+00
1.995E+04 0.000E+00 8.514E+01 0.000E+00
2.512E+04 0.000E+00 1.140E+02 0.000E+00
3.162E+04 0.000E+00 1.490E+02 0.000E+00
3.981E+04 0.000E+00 1.779E+02 0.000E+00
5.012E+04 0.000E+00 1.888E+02 0.000E+00

PAH
3.548E-03= radius (micron)
T_rad    <Qem>/a   <Qabs>/a  <Qpr>/a (micron-1)
5.012E+00 8.547E-06 8.547E-06 0.000E+00
6.310E+00 1.340E-05 1.340E-05 0.000E+00
7.943E+00 2.107E-05 2.107E-05 0.000E+00
1.000E+01 3.327E-05 3.327E-05 0.000E+00
1.259E+01 5.276E-05 5.276E-05 0.000E+00
1.585E+01 8.414E-05 8.414E-05 0.000E+00
1.995E+01 1.351E-04 1.351E-04 0.000E+00
2.512E+01 2.189E-04 2.189E-04 0.000E+00
3.162E+01 3.589E-04 3.589E-04 0.000E+00
3.981E+01 5.986E-04 5.986E-04 0.000E+00
5.012E+01 1.025E-03 1.025E-03 0.000E+00
6.310E+01 1.816E-03 1.816E-03 0.000E+00
7.943E+01 3.220E-03 3.220E-03 0.000E+00
1.000E+02 5.361E-03 5.361E-03 0.000E+00
1.259E+02 8.109E-03 8.109E-03 0.000E+00
1.585E+02 1.130E-02 1.130E-02 0.000E+00
1.995E+02 1.493E-02 1.493E-02 0.000E+00
2.512E+02 1.889E-02 1.889E-02 0.000E+00
3.162E+02 2.244E-02 2.244E-02 0.000E+00
3.981E+02 2.429E-02 2.429E-02 0.000E+00
5.012E+02 2.380E-02 2.380E-02 0.000E+00
6.310E+02 2.145E-02 2.145E-02 0.000E+00
7.943E+02 1.840E-02 1.840E-02 0.000E+00
1.000E+03 1.580E-02 1.580E-02 0.000E+00
1.259E+03 1.532E-02 1.532E-02 0.000E+00
1.585E+03 2.451E-02 2.451E-02 0.000E+00
1.995E+03 0.000E+00 7.592E-02 0.000E+00
2.512E+03 0.000E+00 2.720E-01 0.000E+00
3.162E+03 0.000E+00 8.589E-01 0.000E+00
3.981E+03 0.000E+00 2.318E+00 0.000E+00
5.012E+03 0.000E+00 5.475E+00 0.000E+00
6.310E+03 0.000E+00 1.152E+01 0.000E+00
7.943E+03 0.000E+00 2.145E+01 0.000E+00
1.000E+04 0.000E+00 3.475E+01 0.000E+00
1.259E+04 0.000E+00 4.944E+01 0.000E+00
1.585E+04 0.000E+00 6.505E+01 0.000E+00
1.995E+04 0.000E+00 8.514E+01 0.000E+00
2.512E+04 0.000E+00 1.140E+02 0.000E+00
3.162E+04 0.000E+00 1.488E+02 0.000E+00
3.981E+04 0.000E+00 1.776E+02 0.000E+00
5.012E+04 0.000E+00 1.882E+02 0.000E+00

PAH
3.981E-03= radius (micron)
T_rad    <Qem>/a   <Qabs>/a  <Qpr>/a (micron-1)
5.012E+00 8.511E-06 8.511E-06 0.000E+00
6.310E+00 1.334E-05 1.334E-05 0.000E+00
7.943E+00 2.098E-05 2.098E-05 0.000E+00
1.000E+01 3.311E-05 3.311E-05 0.000E+00
1.259E+01 5.251E-05 5.251E-05 0.000E+00
1.585E+01 8.375E-05 8.375E-05 0.000E+00
1.995E+01 1.345E-04 1.345E-04 0.000E+00
2.512E+01 2.182E-04 2.182E-04 0.000E+00
3.162E+01 3.582E-04 3.582E-04 0.000E+00
3.981E+01 5.984E-04 5.984E-04 0.000E+00
5.012E+01 1.026E-03 1.026E-03 0.000E+00
6.310E+01 1.821E-03 1.821E-03 0.000E+00
7.943E+01 3.240E-03 3.240E-03 0.000E+00
1.000E+02 5.425E-03 5.425E-03 0.000E+00
1.259E+02 8.252E-03 8.252E-03 0.000E+00
1.585E+02 1.152E-02 1.152E-02 0.000E+00
1.995E+02 1.521E-02 1.521E-02 0.000E+00
2.512E+02 1.916E-02 1.916E-02 0.000E+00
3.162E+02 2.266E-02 2.266E-02 0.000E+00
3.981E+02 2.446E-02 2.446E-02 0.000E+00
5.012E+02 2.391E-02 2.391E-02 0.000E+00
6.310E+02 2.152E-02 2.152E-02 0.000E+00
7.943E+02 1.844E-02 1.844E-02 0.000E+00
1.000E+03 1.583E-02 1.583E-02 0.000E+00
1.259E+03 1.536E-02 1.536E-02 0.000E+00
1.585E+03 2.467E-02 2.467E-02 0.000E+00
1.995E+03 0.000E+00 7.642E-02 0.000E+00
2.512E+03 0.000E+00 2.732E-01 0.000E+00
3.162E+03 0.000E+00 8.607E-01 0.000E+00
3.981E+03 0.000E+00 2.321E+00 0.000E+00
5.012E+03 0.000E+00 5.478E+00 0.000E+00
6.310E+03 0.000E+00 1.152E+01 0.000E+00
7.943E+03 0.000E+00 2.145E+01 0.000E+00
1.000E+04 0.000E+00 3.475E+01 0.000E+00
1.259E+04 0.000E+00 4.944E+01 0.000E+00
1.585E+04 0.000E+00 6.505E+01 0.000E+00
1.995E+04 0.000E+00 8.513E+01 0.000E+00
2.512E+04 0.000E+00 1.140E+02 0.000E+00
3.162E+04 0.000E+00 1.487E+02 0.000E+00
3.981E+04 0.000E+00 1.772E+02 0.000E+00
5.012E+04 0.000E+00 1.875E+02 0.000E+00

PAH
4.467E-03= radius (micron)
T_rad    <Qem>/a   <Qabs>/a  <Qpr>/a (micron-1)
5.012E+00 8.479E-06 8.479E-06 0.000E+00
6.310E+00 1.329E-05 1.329E-05 0.000E+00
7.943E+00 2.090E-05 2.090E-05 0.000E+00
1.000E+01 3.298E-05 3.298E-05 0.000E+00
1.259E+01 5.229E-05 5.229E-05 0.000E+00
1.585E+01 8.342E-05 8.342E-05 0.000E+00
1.995E+01 1.341E-04 1.341E-04 0.000E+00
2.512E+01 2.176E-04 2.176E-04 0.000E+00
3.162E+01 3.576E-04 3.576E-04 0.000E+00
3.981E+01 5.981E-04 5.981E-04 0.000E+00
5.012E+01 1.027E-03 1.027E-03 0.000E+00
6.310E+01 1.823E-03 1.823E-03 0.000E+00
7.943E+01 3.244E-03 3.244E-03 0.000E+00
1.000E+02 5.431E-03 5.431E-03 0.000E+00
1.259E+02 8.257E-03 8.257E-03 0.000E+00
1.585E+02 1.153E-02 1.153E-02 0.000E+00
1.995E+02 1.521E-02 1.521E-02 0.000E+00
2.512E+02 1.917E-02 1.917E-02 0.000E+00
3.162E+02 2.267E-02 2.267E-02 0.000E+00
3.981E+02 2.446E-02 2.446E-02 0.000E+00
5.012E+02 2.391E-02 2.391E-02 0.000E+00
6.310E+02 2.152E-02 2.152E-02 0.000E+00
7.943E+02 1.845E-02 1.845E-02 0.000E+00
1.000E+03 1.583E-02 1.583E-02 0.000E+00
1.259E+03 1.539E-02 1.539E-02 0.000E+00
1.585E+03 2.480E-02 2.480E-02 0.000E+00
1.995E+03 0.000E+00 7.683E-02 0.000E+00
2.512E+03 0.000E+00 2.741E-01 0.000E+00
3.162E+03 0.000E+00 8.621E-01 0.000E+00
3.981E+03 0.000E+00 2.322E+00 0.000E+00
5.012E+03 0.000E+00 5.479E+00 0.000E+00
6.310E+03 0.000E+00 1.153E+01 0.000E+00
7.943E+03 0.000E+00 2.145E+01 0.000E+00
1.000E+04 0.000E+00 3.475E+01 0.000E+00
1.259E+04 0.000E+00 4.944E+01 0.000E+00
1.585E+04 0.000E+00 6.505E+01 0.000E+00
1.995E+04 0.000E+00 8.513E+01 0.000E+00
2.512E+04 0.000E+00 1.139E+02 0.000E+00
3.162E+04 0.000E+00 1.485E+02 0.000E+00
3.981E+04 0.000E+00 1.767E+02 0.000E+00
5.012E+04 0.000E+00 1.867E+02 0.000E+00

PAH
5.012E-03= radius (micron)
T_rad    <Qem>/a   <Qabs>/a  <Qpr>/a (micron-1)
5.012E+00 1.128E-05 1.128E-05 0.000E+00
6.310E+00 1.762E-05 1.762E-05 0.000E+00
7.943E+00 2.761E-05 2.761E-05 0.000E+00
1.000E+01 4.342E-05 4.342E-05 0.000E+00
1.259E+01 6.862E-05 6.862E-05 0.000E+00
1.585E+01 1.091E-04 1.091E-04 0.000E+00
1.995E+01 1.745E-04 1.745E-04 0.000E+00
2.512E+01 2.811E-04 2.811E-04 0.000E+00
3.162E+01 4.565E-04 4.565E-04 0.000E+00
3.981E+01 7.477E-04 7.477E-04 0.000E+00
5.012E+01 1.243E-03 1.243E-03 0.000E+00
6.310E+01 2.116E-03 2.116E-03 0.000E+00
7.943E+01 3.617E-03 3.617E-03 0.000E+00
1.000E+02 5.891E-03 5.891E-03 0.000E+00
1.259E+02 8.814E-03 8.814E-03 0.000E+00
1.585E+02 1.217E-02 1.217E-02 0.000E+00
1.995E+02 1.591E-02 1.591E-02 0.000E+00
2.512E+02 1.988E-02 1.988E-02 0.000E+00
3.162E+02 2.340E-02 2.340E-02 0.000E+00
3.981E+02 2.528E-02 2.528E-02 0.000E+00
5.012E+02 2.495E-02 2.495E-02 0.000E+00
6.310E+02 2.293E-02 2.293E-02 0.000E+00
7.943E+02 2.046E-02 2.046E-02 0.000E+00
1.000E+03 1.873E-02 1.873E-02 0.000E+00
1.259E+03 1.957E-02 1.957E-02 0.000E+00
1.585E+03 3.081E-02 3.081E-02 0.000E+00
1.995E+03 0.000E+00 8.533E-02 0.000E+00
2.512E+03 0.000E+00 2.853E-01 0.000E+00
3.162E+03 0.000E+00 8.751E-01 0.000E+00
3.981E+03 0.000E+00 2.333E+00 0.000E+00
5.012E+03 0.000E+00 5.481E+00 0.000E+00
6.310E+03 0.000E+00 1.151E+01 0.000E+00
7.943E+03 0.000E+00 2.140E+01 0.000E+00
1.000E+04 0.000E+00 3.466E+01 0.000E+00
1.259E+04 0.000E+00 4.931E+01 0.000E+00
1.585E+04 0.000E+00 6.487E+01 0.000E+00
1.995E+04 0.000E+00 8.488E+01 0.000E+00
2.512E+04 0.000E+00 1.136E+02 0.000E+00
3.162E+04 0.000E+00 1.479E+02 0.000E+00
3.981E+04 0.000E+00 1.758E+02 0.000E+00
5.012E+04 0.000E+00 1.854E+02 0.000E+00

PAH
5.623E-03= radius (micron)
T_rad    <Qem>/a   <Qabs>/a  <Qpr>/a (micron-1)
5.012E+00 1.263E-04 1.263E-04 0.000E+00
6.310E+00 1.954E-04 1.954E-04 0.000E+00
7.943E+00 3.032E-04 3.032E-04 0.000E+00
1.000E+01 4.723E-04 4.723E-04 0.000E+00
1.259E+01 7.392E-04 7.392E-04 0.000E+00
1.585E+01 1.162E-03 1.162E-03 0.000E+00
1.995E+01 1.834E-03 1.834E-03 0.000E+00
2.512E+01 2.889E-03 2.889E-03 0.000E+00
3.162E+01 4.508E-03 4.508E-03 0.000E+00
3.981E+01 6.870E-03 6.870E-03 0.000E+00
5.012E+01 1.006E-02 1.006E-02 0.000E+00
6.310E+01 1.399E-02 1.399E-02 0.000E+00
7.943E+01 1.834E-02 1.834E-02 0.000E+00
1.000E+02 2.265E-02 2.265E-02 0.000E+00
1.259E+02 2.653E-02 2.653E-02 0.000E+00
1.585E+02 2.996E-02 2.996E-02 0.000E+00
1.995E+02 3.351E-02 3.351E-02 0.000E+00
2.512E+02 3.801E-02 3.801E-02 0.000E+00
3.162E+02 4.403E-02 4.403E-02 0.000E+00
3.981E+02 5.190E-02 5.190E-02 0.000E+00
5.012E+02 6.253E-02 6.253E-02 0.000E+00
6.310E+02 7.794E-02 7.794E-02 0.000E+00
7.943E+02 1.012E-01 1.012E-01 0.000E+00
1.000E+03 1.363E-01 1.363E-01 0.000E+00
1.259E+03 1.892E-01 1.892E-01 0.000E+00
1.585E+03 2.724E-01 2.724E-01 0.000E+00
1.995E+03 0.000E+00 4.191E-01 0.000E+00
2.512E+03 0.000E+00 7.162E-01 0.000E+00
3.162E+03 0.000E+00 1.358E+00 0.000E+00
3.981E+03 0.000E+00 2.721E+00 0.000E+00
5.012E+03 0.000E+00 5.478E+00 0.000E+00
6.310E+03 0.000E+00 1.068E+01 0.000E+00
7.943E+03 0.000E+00 1.928E+01 0.000E+00
1.000E+04 0.000E+00 3.094E+01 0.000E+00
1.259E+04 0.000E+00 4.383E+01 0.000E+00
1.585E+04 0.000E+00 5.746E+01 0.000E+00
1.995E+04 0.000E+00 7.521E+01 0.000E+00
2.512E+04 0.000E+00 1.012E+02 0.000E+00
3.162E+04 0.000E+00 1.327E+02 0.000E+00
3.981E+04 0.000E+00 1.587E+02 0.000E+00
5.012E+04 0.000E+00 1.682E+02 0.000E+00

PAH
6.310E-03= radius (micron)
T_rad    <Qem>/a   <Qabs>/a  <Qpr>/a (micron-1)
5.012E+00 2.061E-04 2.061E-04 0.000E+00
6.310E+00 3.193E-04 3.193E-04 0.000E+00
7.943E+00 4.955E-04 4.955E-04 0.000E+00
1.000E+01 7.717E-04 7.717E-04 0.000E+00
1.259E+01 1.207E-03 1.207E-03 0.000E+00
1.585E+01 1.897E-03 1.897E-03 0.000E+00
1.995E+01 2.993E-03 2.993E-03 0.000E+00
2.512E+01 4.715E-03 4.715E-03 0.000E+00
3.162E+01 7.355E-03 7.355E-03 0.000E+00
3.981E+01 1.119E-02 1.119E-02 0.000E+00
5.012E+01 1.633E-02 1.633E-02 0.000E+00
6.310E+01 2.247E-02 2.247E-02 0.000E+00
7.943E+01 2.888E-02 2.888E-02 0.000E+00
1.000E+02 3.468E-02 3.468E-02 0.000E+00
1.259E+02 3.924E-02 3.924E-02 0.000E+00
1.585E+02 4.270E-02 4.270E-02 0.000E+00
1.995E+02 4.610E-02 4.610E-02 0.000E+00
2.512E+02 5.095E-02 5.095E-02 0.000E+00
3.162E+02 5.872E-02 5.872E-02 0.000E+00
3.981E+02 7.082E-02 7.082E-02 0.000E+00
5.012E+02 8.921E-02 8.921E-02 0.000E+00
6.310E+02 1.170E-01 1.170E-01 0.000E+00
7.943E+02 1.585E-01 1.585E-01 0.000E+00
1.000E+03 2.197E-01 2.197E-01 0.000E+00
1.259E+03 3.095E-01 3.095E-01 0.000E+00
1.585E+03 4.437E-01 4.437E-01 0.000E+00
1.995E+03 0.000E+00 6.559E-01 0.000E+00
2.512E+03 0.000E+00 1.022E+00 0.000E+00
3.162E+03 0.000E+00 1.701E+00 0.000E+00
3.981E+03 0.000E+00 3.000E+00 0.000E+00
5.012E+03 0.000E+00 5.484E+00 0.000E+00
6.310E+03 0.000E+00 1.011E+01 0.000E+00
7.943E+03 0.000E+00 1.782E+01 0.000E+00
1.000E+04 0.000E+00 2.836E+01 0.000E+00
1.259E+04 0.000E+00 4.002E+01 0.000E+00
1.585E+04 0.000E+00 5.229E+01 0.000E+00
1.995E+04 0.000E+00 6.839E+01 0.000E+00
2.512E+04 0.000E+00 9.220E+01 0.000E+00
3.162E+04 0.000E+00 1.212E+02 0.000E+00
3.981E+04 0.000E+00 1.451E+02 0.000E+00
5.012E+04 0.000E+00 1.539E+02 0.000E+00

PAH
7.079E-03= radius (micron)
T_rad    <Qem>/a   <Qabs>/a  <Qpr>/a (micron-1)
5.012E+00 2.613E-04 2.613E-04 0.000E+00
6.310E+00 4.054E-04 4.054E-04 0.000E+00
7.943E+00 6.297E-04 6.297E-04 0.000E+00
1.000E+01 9.806E-04 9.806E-04 0.000E+00
1.259E+01 1.534E-03 1.534E-03 0.000E+00
1.585E+01 2.410E-03 2.410E-03 0.000E+00
1.995E+01 3.801E-03 3.801E-03 0.000E+00
2.512E+01 5.992E-03 5.992E-03 0.000E+00
3.162E+01 9.355E-03 9.355E-03 0.000E+00
3.981E+01 1.425E-02 1.425E-02 0.000E+00
5.012E+01 2.078E-02 2.078E-02 0.000E+00
6.310E+01 2.852E-02 2.852E-02 0.000E+00
7.943E+01 3.644E-02 3.644E-02 0.000E+00
1.000E+02 4.331E-02 4.331E-02 0.000E+00
1.259E+02 4.836E-02 4.836E-02 0.000E+00
1.585E+02 5.184E-02 5.184E-02 0.000E+00
1.995E+02 5.511E-02 5.511E-02 0.000E+00
2.512E+02 6.018E-02 6.018E-02 0.000E+00
3.162E+02 6.919E-02 6.919E-02 0.000E+00
3.981E+02 8.428E-02 8.428E-02 0.000E+00
5.012E+02 1.082E-01 1.082E-01 0.000E+00
6.310E+02 1.447E-01 1.447E-01 0.000E+00
7.943E+02 1.991E-01 1.991E-01 0.000E+00
1.000E+03 2.789E-01 2.789E-01 0.000E+00
1.259E+03 3.950E-01 3.950E-01 0.000E+00
1.585E+03 5.653E-01 5.653E-01 0.000E+00
1.995E+03 0.000E+00 8.241E-01 0.000E+00
2.512E+03 0.000E+00 1.240E+00 0.000E+00
3.162E+03 0.000E+00 1.947E+00 0.000E+00
3.981E+03 0.000E+00 3.201E+00 0.000E+00
5.012E+03 0.000E+00 5.499E+00 0.000E+00
6.310E+03 0.000E+00 9.721E+00 0.000E+00
7.943E+03 0.000E+00 1.681E+01 0.000E+00
1.000E+04 0.000E+00 2.658E+01 0.000E+00
1.259E+04 0.000E+00 3.739E+01 0.000E+00
1.585E+04 0.000E+00 4.870E+01 0.000E+00
1.995E+04 0.000E+00 6.353E+01 0.000E+00
2.512E+04 0.000E+00 8.544E+01 0.000E+00
3.162E+04 0.000E+00 1.120E+02 0.000E+00
3.981E+04 0.000E+00 1.336E+02 0.000E+00
5.012E+04 0.000E+00 1.415E+02 0.000E+00

PAH
7.943E-03= radius (micron)
T_rad    <Qem>/a   <Qabs>/a  <Qpr>/a (micron-1)
5.012E+00 2.991E-04 2.991E-04 0.000E+00
6.310E+00 4.649E-04 4.649E-04 0.000E+00
7.943E+00 7.229E-04 7.229E-04 0.000E+00
1.000E+01 1.126E-03 1.126E-03 0.000E+00
1.259E+01 1.762E-03 1.762E-03 0.000E+00
1.585E+01 2.768E-03 2.768E-03 0.000E+00
1.995E+01 4.366E-03 4.366E-03 0.000E+00
2.512E+01 6.886E-03 6.886E-03 0.000E+00
3.162E+01 1.076E-02 1.076E-02 0.000E+00
3.981E+01 1.641E-02 1.641E-02 0.000E+00
5.012E+01 2.395E-02 2.395E-02 0.000E+00
6.310E+01 3.284E-02 3.284E-02 0.000E+00
7.943E+01 4.186E-02 4.186E-02 0.000E+00
1.000E+02 4.951E-02 4.951E-02 0.000E+00
1.259E+02 5.492E-02 5.492E-02 0.000E+00
1.585E+02 5.841E-02 5.841E-02 0.000E+00
1.995E+02 6.158E-02 6.158E-02 0.000E+00
2.512E+02 6.679E-02 6.679E-02 0.000E+00
3.162E+02 7.666E-02 7.666E-02 0.000E+00
3.981E+02 9.386E-02 9.386E-02 0.000E+00
5.012E+02 1.216E-01 1.216E-01 0.000E+00
6.310E+02 1.643E-01 1.643E-01 0.000E+00
7.943E+02 2.280E-01 2.280E-01 0.000E+00
1.000E+03 3.210E-01 3.210E-01 0.000E+00
1.259E+03 4.557E-01 4.557E-01 0.000E+00
1.585E+03 6.519E-01 6.519E-01 0.000E+00
1.995E+03 0.000E+00 9.441E-01 0.000E+00
2.512E+03 0.000E+00 1.395E+00 0.000E+00
3.162E+03 0.000E+00 2.123E+00 0.000E+00
3.981E+03 0.000E+00 3.350E+00 0.000E+00
5.012E+03 0.000E+00 5.522E+00 0.000E+00
6.310E+03 0.000E+00 9.474E+00 0.000E+00
7.943E+03 0.000E+00 1.614E+01 0.000E+00
1.000E+04 0.000E+00 2.538E+01 0.000E+00
1.259E+04 0.000E+00 3.559E+01 0.000E+00
1.585E+04 0.000E+00 4.622E+01 0.000E+00
1.995E+04 0.000E+00 6.001E+01 0.000E+00
2.512E+04 0.000E+00 8.013E+01 0.000E+00
3.162E+04 0.000E+00 1.041E+02 0.000E+00
3.981E+04 0.000E+00 1.234E+02 0.000E+00
5.012E+04 0.000E+00 1.301E+02 0.000E+00

PAH
8.913E-03= radius (micron)
T_rad    <Qem>/a   <Qabs>/a  <Qpr>/a (micron-1)
5.012E+00 3.245E-04 3.245E-04 0.000E+00
6.310E+00 5.056E-04 5.056E-04 0.000E+00
7.943E+00 7.874E-04 7.874E-04 0.000E+00
1.000E+01 1.228E-03 1.228E-03 0.000E+00
1.259E+01 1.921E-03 1.921E-03 0.000E+00
1.585E+01 3.018E-03 3.018E-03 0.000E+00
1.995E+01 4.760E-03 4.760E-03 0.000E+00
2.512E+01 7.511E-03 7.511E-03 0.000E+00
3.162E+01 1.175E-02 1.175E-02 0.000E+00
3.981E+01 1.793E-02 1.793E-02 0.000E+00
5.012E+01 2.620E-02 2.620E-02 0.000E+00
6.310E+01 3.594E-02 3.594E-02 0.000E+00
7.943E+01 4.575E-02 4.575E-02 0.000E+00
1.000E+02 5.398E-02 5.398E-02 0.000E+00
1.259E+02 5.965E-02 5.965E-02 0.000E+00
1.585E+02 6.314E-02 6.314E-02 0.000E+00
1.995E+02 6.622E-02 6.622E-02 0.000E+00
2.512E+02 7.153E-02 7.153E-02 0.000E+00
3.162E+02 8.200E-02 8.200E-02 0.000E+00
3.981E+02 1.007E-01 1.007E-01 0.000E+00
5.012E+02 1.312E-01 1.312E-01 0.000E+00
6.310E+02 1.784E-01 1.784E-01 0.000E+00
7.943E+02 2.485E-01 2.485E-01 0.000E+00
1.000E+03 3.509E-01 3.509E-01 0.000E+00
1.259E+03 4.990E-01 4.990E-01 0.000E+00
1.585E+03 7.137E-01 7.137E-01 0.000E+00
1.995E+03 0.000E+00 1.030E+00 0.000E+00
2.512E+03 0.000E+00 1.507E+00 0.000E+00
3.162E+03 0.000E+00 2.252E+00 0.000E+00
3.981E+03 0.000E+00 3.463E+00 0.000E+00
5.012E+03 0.000E+00 5.553E+00 0.000E+00
6.310E+03 0.000E+00 9.330E+00 0.000E+00
7.943E+03 0.000E+00 1.572E+01 0.000E+00
1.000E+04 0.000E+00 2.459E+01 0.000E+00
1.259E+04 0.000E+00 3.440E+01 0.000E+00
1.585E+04 0.000E+00 4.451E+01 0.000E+00
1.995E+04 0.000E+00 5.736E+01 0.000E+00
2.512E+04 0.000E+00 7.569E+01 0.000E+00
3.162E+04 0.000E+00 9.707E+01 0.000E+00
3.981E+04 0.000E+00 1.138E+02 0.000E+00
5.012E+04 0.000E+00 1.192E+02 0.000E+00

PAH
1.000E-02= radius (micron)
T_rad    <Qem>/a   <Qabs>/a  <Qpr>/a (micron-1)
5.012E+00 3.414E-04 3.414E-04 0.000E+00
6.310E+00 5.331E-04 5.331E-04 0.000E+00
7.943E+00 8.316E-04 8.316E-04 0.000E+00
1.000E+01 1.298E-03 1.298E-03 0.000E+00
1.259E+01 2.031E-03 2.031E-03 0.000E+00
1.585E+01 3.192E-03 3.192E-03 0.000E+00
1.995E+01 5.035E-03 5.035E-03 0.000E+00
2.512E+01 7.947E-03 7.947E-03 0.000E+00
3.162E+01 1.244E-02 1.244E-02 0.000E+00
3.981E+01 1.901E-02 1.901E-02 0.000E+00
5.012E+01 2.780E-02 2.780E-02 0.000E+00
6.310E+01 3.815E-02 3.815E-02 0.000E+00
7.943E+01 4.855E-02 4.855E-02 0.000E+00
1.000E+02 5.719E-02 5.719E-02 0.000E+00
1.259E+02 6.302E-02 6.302E-02 0.000E+00
1.585E+02 6.647E-02 6.647E-02 0.000E+00
1.995E+02 6.946E-02 6.946E-02 0.000E+00
2.512E+02 7.483E-02 7.483E-02 0.000E+00
3.162E+02 8.574E-02 8.574E-02 0.000E+00
3.981E+02 1.055E-01 1.055E-01 0.000E+00
5.012E+02 1.381E-01 1.381E-01 0.000E+00
6.310E+02 1.884E-01 1.884E-01 0.000E+00
7.943E+02 2.632E-01 2.632E-01 0.000E+00
1.000E+03 3.724E-01 3.724E-01 0.000E+00
1.259E+03 5.300E-01 5.300E-01 0.000E+00
1.585E+03 7.582E-01 7.582E-01 0.000E+00
1.995E+03 0.000E+00 1.092E+00 0.000E+00
2.512E+03 0.000E+00 1.589E+00 0.000E+00
3.162E+03 0.000E+00 2.348E+00 0.000E+00
3.981E+03 0.000E+00 3.552E+00 0.000E+00
5.012E+03 0.000E+00 5.594E+00 0.000E+00
6.310E+03 0.000E+00 9.263E+00 0.000E+00
7.943E+03 0.000E+00 1.547E+01 0.000E+00
1.000E+04 0.000E+00 2.411E+01 0.000E+00
1.259E+04 0.000E+00 3.363E+01 0.000E+00
1.585E+04 0.000E+00 4.331E+01 0.000E+00
1.995E+04 0.000E+00 5.527E+01 0.000E+00
2.512E+04 0.000E+00 7.176E+01 0.000E+00
3.162E+04 0.000E+00 9.045E+01 0.000E+00
3.981E+04 0.000E+00 1.046E+02 0.000E+00
5.012E+04 0.000E+00 1.087E+02 0.000E+00
