PAH charged
Planck-averaged Q_em, Q_abs, Qpr/a
for compatibility four rows,Qpr not calc.
Emissivity <Qem> is computed only for T<1500K
Computed by Jg Fischera
Planck-averaged Q_em for T_d=T_rad
Planck-averaged Q_abs and Q_pr for T_d= 25.00K
41 temperature bins
30 grain sizes:
0.000354813
0.000398107
0.000446684
0.000501187
0.000562341
0.000630957
0.000707946
0.000794328
0.000891251
0.00100000
0.00112202
0.00125893
0.00141254
0.00158489
0.00177828
0.00199526
0.00223872
0.00251189
0.00281838
0.00316228
0.00354813
0.00398107
0.00446684
0.00501187
0.00562341
0.00630957
0.00707946
0.00794328
0.00891251
0.01000000

PAH
3.548E-04= radius (micron)
T_rad    <Qem>/a   <Qabs>/a  <Qpr>/a (micron-1)
5.012E+00 1.166E-05 1.166E-05 0.000E+00
6.310E+00 1.821E-05 1.821E-05 0.000E+00
7.943E+00 2.826E-05 2.826E-05 0.000E+00
1.000E+01 4.347E-05 4.347E-05 0.000E+00
1.259E+01 6.613E-05 6.613E-05 0.000E+00
1.585E+01 9.926E-05 9.926E-05 0.000E+00
1.995E+01 1.468E-04 1.468E-04 0.000E+00
2.512E+01 2.144E-04 2.144E-04 0.000E+00
3.162E+01 3.102E-04 3.102E-04 0.000E+00
3.981E+01 4.491E-04 4.491E-04 0.000E+00
5.012E+01 6.598E-04 6.598E-04 0.000E+00
6.310E+01 1.004E-03 1.004E-03 0.000E+00
7.943E+01 1.618E-03 1.618E-03 0.000E+00
1.000E+02 2.825E-03 2.825E-03 0.000E+00
1.259E+02 5.355E-03 5.355E-03 0.000E+00
1.585E+02 1.081E-02 1.081E-02 0.000E+00
1.995E+02 2.190E-02 2.190E-02 0.000E+00
2.512E+02 4.042E-02 4.042E-02 0.000E+00
3.162E+02 6.305E-02 6.305E-02 0.000E+00
3.981E+02 8.106E-02 8.106E-02 0.000E+00
5.012E+02 8.713E-02 8.713E-02 0.000E+00
6.310E+02 8.093E-02 8.093E-02 0.000E+00
7.943E+02 6.860E-02 6.860E-02 0.000E+00
1.000E+03 6.114E-02 6.114E-02 0.000E+00
1.259E+03 7.671E-02 7.671E-02 0.000E+00
1.585E+03 1.380E-01 1.380E-01 0.000E+00
1.995E+03 0.000E+00 2.590E-01 0.000E+00
2.512E+03 0.000E+00 4.724E-01 0.000E+00
3.162E+03 0.000E+00 9.613E-01 0.000E+00
3.981E+03 0.000E+00 2.247E+00 0.000E+00
5.012E+03 0.000E+00 5.292E+00 0.000E+00
6.310E+03 0.000E+00 1.141E+01 0.000E+00
7.943E+03 0.000E+00 2.161E+01 0.000E+00
1.000E+04 0.000E+00 3.530E+01 0.000E+00
1.259E+04 0.000E+00 5.038E+01 0.000E+00
1.585E+04 0.000E+00 6.631E+01 0.000E+00
1.995E+04 0.000E+00 8.660E+01 0.000E+00
2.512E+04 0.000E+00 1.156E+02 0.000E+00
3.162E+04 0.000E+00 1.508E+02 0.000E+00
3.981E+04 0.000E+00 1.804E+02 0.000E+00
5.012E+04 0.000E+00 1.921E+02 0.000E+00

PAH
3.981E-04= radius (micron)
T_rad    <Qem>/a   <Qabs>/a  <Qpr>/a (micron-1)
5.012E+00 1.121E-05 1.121E-05 0.000E+00
6.310E+00 1.754E-05 1.754E-05 0.000E+00
7.943E+00 2.730E-05 2.730E-05 0.000E+00
1.000E+01 4.218E-05 4.218E-05 0.000E+00
1.259E+01 6.454E-05 6.454E-05 0.000E+00
1.585E+01 9.755E-05 9.755E-05 0.000E+00
1.995E+01 1.455E-04 1.455E-04 0.000E+00
2.512E+01 2.141E-04 2.141E-04 0.000E+00
3.162E+01 3.122E-04 3.122E-04 0.000E+00
3.981E+01 4.546E-04 4.546E-04 0.000E+00
5.012E+01 6.701E-04 6.701E-04 0.000E+00
6.310E+01 1.020E-03 1.020E-03 0.000E+00
7.943E+01 1.639E-03 1.639E-03 0.000E+00
1.000E+02 2.832E-03 2.832E-03 0.000E+00
1.259E+02 5.281E-03 5.281E-03 0.000E+00
1.585E+02 1.051E-02 1.051E-02 0.000E+00
1.995E+02 2.123E-02 2.123E-02 0.000E+00
2.512E+02 3.937E-02 3.937E-02 0.000E+00
3.162E+02 6.179E-02 6.179E-02 0.000E+00
3.981E+02 7.989E-02 7.989E-02 0.000E+00
5.012E+02 8.620E-02 8.620E-02 0.000E+00
6.310E+02 8.027E-02 8.027E-02 0.000E+00
7.943E+02 6.816E-02 6.816E-02 0.000E+00
1.000E+03 6.093E-02 6.093E-02 0.000E+00
1.259E+03 7.697E-02 7.697E-02 0.000E+00
1.585E+03 1.399E-01 1.399E-01 0.000E+00
1.995E+03 0.000E+00 2.683E-01 0.000E+00
2.512E+03 0.000E+00 5.093E-01 0.000E+00
3.162E+03 0.000E+00 1.069E+00 0.000E+00
3.981E+03 0.000E+00 2.474E+00 0.000E+00
5.012E+03 0.000E+00 5.662E+00 0.000E+00
6.310E+03 0.000E+00 1.191E+01 0.000E+00
7.943E+03 0.000E+00 2.222E+01 0.000E+00
1.000E+04 0.000E+00 3.600E+01 0.000E+00
1.259E+04 0.000E+00 5.117E+01 0.000E+00
1.585E+04 0.000E+00 6.720E+01 0.000E+00
1.995E+04 0.000E+00 8.767E+01 0.000E+00
2.512E+04 0.000E+00 1.170E+02 0.000E+00
3.162E+04 0.000E+00 1.525E+02 0.000E+00
3.981E+04 0.000E+00 1.822E+02 0.000E+00
5.012E+04 0.000E+00 1.939E+02 0.000E+00

PAH
4.467E-04= radius (micron)
T_rad    <Qem>/a   <Qabs>/a  <Qpr>/a (micron-1)
5.012E+00 1.073E-05 1.073E-05 0.000E+00
6.310E+00 1.681E-05 1.681E-05 0.000E+00
7.943E+00 2.623E-05 2.623E-05 0.000E+00
1.000E+01 4.068E-05 4.068E-05 0.000E+00
1.259E+01 6.254E-05 6.254E-05 0.000E+00
1.585E+01 9.510E-05 9.510E-05 0.000E+00
1.995E+01 1.428E-04 1.428E-04 0.000E+00
2.512E+01 2.117E-04 2.117E-04 0.000E+00
3.162E+01 3.106E-04 3.106E-04 0.000E+00
3.981E+01 4.545E-04 4.545E-04 0.000E+00
5.012E+01 6.713E-04 6.713E-04 0.000E+00
6.310E+01 1.021E-03 1.021E-03 0.000E+00
7.943E+01 1.632E-03 1.632E-03 0.000E+00
1.000E+02 2.786E-03 2.786E-03 0.000E+00
1.259E+02 5.098E-03 5.098E-03 0.000E+00
1.585E+02 9.979E-03 9.979E-03 0.000E+00
1.995E+02 2.007E-02 2.007E-02 0.000E+00
2.512E+02 3.741E-02 3.741E-02 0.000E+00
3.162E+02 5.915E-02 5.915E-02 0.000E+00
3.981E+02 7.694E-02 7.694E-02 0.000E+00
5.012E+02 8.340E-02 8.340E-02 0.000E+00
6.310E+02 7.790E-02 7.790E-02 0.000E+00
7.943E+02 6.631E-02 6.631E-02 0.000E+00
1.000E+03 5.951E-02 5.951E-02 0.000E+00
1.259E+03 7.589E-02 7.589E-02 0.000E+00
1.585E+03 1.404E-01 1.404E-01 0.000E+00
1.995E+03 0.000E+00 2.788E-01 0.000E+00
2.512E+03 0.000E+00 5.551E-01 0.000E+00
3.162E+03 0.000E+00 1.188E+00 0.000E+00
3.981E+03 0.000E+00 2.687E+00 0.000E+00
5.012E+03 0.000E+00 5.933E+00 0.000E+00
6.310E+03 0.000E+00 1.216E+01 0.000E+00
7.943E+03 0.000E+00 2.234E+01 0.000E+00
1.000E+04 0.000E+00 3.593E+01 0.000E+00
1.259E+04 0.000E+00 5.090E+01 0.000E+00
1.585E+04 0.000E+00 6.673E+01 0.000E+00
1.995E+04 0.000E+00 8.697E+01 0.000E+00
2.512E+04 0.000E+00 1.160E+02 0.000E+00
3.162E+04 0.000E+00 1.512E+02 0.000E+00
3.981E+04 0.000E+00 1.808E+02 0.000E+00
5.012E+04 0.000E+00 1.924E+02 0.000E+00

PAH
5.012E-04= radius (micron)
T_rad    <Qem>/a   <Qabs>/a  <Qpr>/a (micron-1)
5.012E+00 1.030E-05 1.030E-05 0.000E+00
6.310E+00 1.616E-05 1.616E-05 0.000E+00
7.943E+00 2.527E-05 2.527E-05 0.000E+00
1.000E+01 3.931E-05 3.931E-05 0.000E+00
1.259E+01 6.069E-05 6.069E-05 0.000E+00
1.585E+01 9.280E-05 9.280E-05 0.000E+00
1.995E+01 1.402E-04 1.402E-04 0.000E+00
2.512E+01 2.093E-04 2.093E-04 0.000E+00
3.162E+01 3.091E-04 3.091E-04 0.000E+00
3.981E+01 4.545E-04 4.545E-04 0.000E+00
5.012E+01 6.732E-04 6.732E-04 0.000E+00
6.310E+01 1.023E-03 1.023E-03 0.000E+00
7.943E+01 1.628E-03 1.628E-03 0.000E+00
1.000E+02 2.746E-03 2.746E-03 0.000E+00
1.259E+02 4.921E-03 4.921E-03 0.000E+00
1.585E+02 9.456E-03 9.456E-03 0.000E+00
1.995E+02 1.893E-02 1.893E-02 0.000E+00
2.512E+02 3.550E-02 3.550E-02 0.000E+00
3.162E+02 5.660E-02 5.660E-02 0.000E+00
3.981E+02 7.416E-02 7.416E-02 0.000E+00
5.012E+02 8.079E-02 8.079E-02 0.000E+00
6.310E+02 7.572E-02 7.572E-02 0.000E+00
7.943E+02 6.462E-02 6.462E-02 0.000E+00
1.000E+03 5.824E-02 5.824E-02 0.000E+00
1.259E+03 7.497E-02 7.497E-02 0.000E+00
1.585E+03 1.405E-01 1.405E-01 0.000E+00
1.995E+03 0.000E+00 2.837E-01 0.000E+00
2.512E+03 0.000E+00 5.740E-01 0.000E+00
3.162E+03 0.000E+00 1.231E+00 0.000E+00
3.981E+03 0.000E+00 2.751E+00 0.000E+00
5.012E+03 0.000E+00 5.998E+00 0.000E+00
6.310E+03 0.000E+00 1.219E+01 0.000E+00
7.943E+03 0.000E+00 2.230E+01 0.000E+00
1.000E+04 0.000E+00 3.580E+01 0.000E+00
1.259E+04 0.000E+00 5.067E+01 0.000E+00
1.585E+04 0.000E+00 6.639E+01 0.000E+00
1.995E+04 0.000E+00 8.651E+01 0.000E+00
2.512E+04 0.000E+00 1.154E+02 0.000E+00
3.162E+04 0.000E+00 1.504E+02 0.000E+00
3.981E+04 0.000E+00 1.799E+02 0.000E+00
5.012E+04 0.000E+00 1.915E+02 0.000E+00

PAH
5.623E-04= radius (micron)
T_rad    <Qem>/a   <Qabs>/a  <Qpr>/a (micron-1)
5.012E+00 9.965E-06 9.965E-06 0.000E+00
6.310E+00 1.565E-05 1.565E-05 0.000E+00
7.943E+00 2.451E-05 2.451E-05 0.000E+00
1.000E+01 3.822E-05 3.822E-05 0.000E+00
1.259E+01 5.924E-05 5.924E-05 0.000E+00
1.585E+01 9.104E-05 9.104E-05 0.000E+00
1.995E+01 1.384E-04 1.384E-04 0.000E+00
2.512E+01 2.080E-04 2.080E-04 0.000E+00
3.162E+01 3.093E-04 3.093E-04 0.000E+00
3.981E+01 4.574E-04 4.574E-04 0.000E+00
5.012E+01 6.801E-04 6.801E-04 0.000E+00
6.310E+01 1.035E-03 1.035E-03 0.000E+00
7.943E+01 1.641E-03 1.641E-03 0.000E+00
1.000E+02 2.737E-03 2.737E-03 0.000E+00
1.259E+02 4.806E-03 4.806E-03 0.000E+00
1.585E+02 9.055E-03 9.055E-03 0.000E+00
1.995E+02 1.804E-02 1.804E-02 0.000E+00
2.512E+02 3.407E-02 3.407E-02 0.000E+00
3.162E+02 5.482E-02 5.482E-02 0.000E+00
3.981E+02 7.237E-02 7.237E-02 0.000E+00
5.012E+02 7.926E-02 7.926E-02 0.000E+00
6.310E+02 7.454E-02 7.454E-02 0.000E+00
7.943E+02 6.377E-02 6.377E-02 0.000E+00
1.000E+03 5.771E-02 5.771E-02 0.000E+00
1.259E+03 7.501E-02 7.501E-02 0.000E+00
1.585E+03 1.424E-01 1.424E-01 0.000E+00
1.995E+03 0.000E+00 2.919E-01 0.000E+00
2.512E+03 0.000E+00 5.969E-01 0.000E+00
3.162E+03 0.000E+00 1.278E+00 0.000E+00
3.981E+03 0.000E+00 2.830E+00 0.000E+00
5.012E+03 0.000E+00 6.112E+00 0.000E+00
6.310E+03 0.000E+00 1.235E+01 0.000E+00
7.943E+03 0.000E+00 2.253E+01 0.000E+00
1.000E+04 0.000E+00 3.612E+01 0.000E+00
1.259E+04 0.000E+00 5.109E+01 0.000E+00
1.585E+04 0.000E+00 6.693E+01 0.000E+00
1.995E+04 0.000E+00 8.720E+01 0.000E+00
2.512E+04 0.000E+00 1.163E+02 0.000E+00
3.162E+04 0.000E+00 1.516E+02 0.000E+00
3.981E+04 0.000E+00 1.811E+02 0.000E+00
5.012E+04 0.000E+00 1.928E+02 0.000E+00

PAH
6.310E-04= radius (micron)
T_rad    <Qem>/a   <Qabs>/a  <Qpr>/a (micron-1)
5.012E+00 9.630E-06 9.630E-06 0.000E+00
6.310E+00 1.513E-05 1.513E-05 0.000E+00
7.943E+00 2.373E-05 2.373E-05 0.000E+00
1.000E+01 3.709E-05 3.709E-05 0.000E+00
1.259E+01 5.767E-05 5.767E-05 0.000E+00
1.585E+01 8.901E-05 8.901E-05 0.000E+00
1.995E+01 1.361E-04 1.361E-04 0.000E+00
2.512E+01 2.057E-04 2.057E-04 0.000E+00
3.162E+01 3.078E-04 3.078E-04 0.000E+00
3.981E+01 4.575E-04 4.575E-04 0.000E+00
5.012E+01 6.825E-04 6.825E-04 0.000E+00
6.310E+01 1.039E-03 1.039E-03 0.000E+00
7.943E+01 1.645E-03 1.645E-03 0.000E+00
1.000E+02 2.728E-03 2.728E-03 0.000E+00
1.259E+02 4.749E-03 4.749E-03 0.000E+00
1.585E+02 8.879E-03 8.879E-03 0.000E+00
1.995E+02 1.764E-02 1.764E-02 0.000E+00
2.512E+02 3.338E-02 3.338E-02 0.000E+00
3.162E+02 5.386E-02 5.386E-02 0.000E+00
3.981E+02 7.127E-02 7.127E-02 0.000E+00
5.012E+02 7.818E-02 7.818E-02 0.000E+00
6.310E+02 7.361E-02 7.361E-02 0.000E+00
7.943E+02 6.303E-02 6.303E-02 0.000E+00
1.000E+03 5.713E-02 5.713E-02 0.000E+00
1.259E+03 7.461E-02 7.461E-02 0.000E+00
1.585E+03 1.428E-01 1.428E-01 0.000E+00
1.995E+03 0.000E+00 2.954E-01 0.000E+00
2.512E+03 0.000E+00 6.077E-01 0.000E+00
3.162E+03 0.000E+00 1.298E+00 0.000E+00
3.981E+03 0.000E+00 2.853E+00 0.000E+00
5.012E+03 0.000E+00 6.122E+00 0.000E+00
6.310E+03 0.000E+00 1.232E+01 0.000E+00
7.943E+03 0.000E+00 2.244E+01 0.000E+00
1.000E+04 0.000E+00 3.594E+01 0.000E+00
1.259E+04 0.000E+00 5.083E+01 0.000E+00
1.585E+04 0.000E+00 6.657E+01 0.000E+00
1.995E+04 0.000E+00 8.673E+01 0.000E+00
2.512E+04 0.000E+00 1.157E+02 0.000E+00
3.162E+04 0.000E+00 1.508E+02 0.000E+00
3.981E+04 0.000E+00 1.802E+02 0.000E+00
5.012E+04 0.000E+00 1.919E+02 0.000E+00

PAH
7.079E-04= radius (micron)
T_rad    <Qem>/a   <Qabs>/a  <Qpr>/a (micron-1)
5.012E+00 9.359E-06 9.359E-06 0.000E+00
6.310E+00 1.471E-05 1.471E-05 0.000E+00
7.943E+00 2.310E-05 2.310E-05 0.000E+00
1.000E+01 3.617E-05 3.617E-05 0.000E+00
1.259E+01 5.641E-05 5.641E-05 0.000E+00
1.585E+01 8.740E-05 8.740E-05 0.000E+00
1.995E+01 1.343E-04 1.343E-04 0.000E+00
2.512E+01 2.042E-04 2.042E-04 0.000E+00
3.162E+01 3.074E-04 3.074E-04 0.000E+00
3.981E+01 4.594E-04 4.594E-04 0.000E+00
5.012E+01 6.879E-04 6.879E-04 0.000E+00
6.310E+01 1.049E-03 1.049E-03 0.000E+00
7.943E+01 1.659E-03 1.659E-03 0.000E+00
1.000E+02 2.746E-03 2.746E-03 0.000E+00
1.259E+02 4.766E-03 4.766E-03 0.000E+00
1.585E+02 8.890E-03 8.890E-03 0.000E+00
1.995E+02 1.765E-02 1.765E-02 0.000E+00
2.512E+02 3.338E-02 3.338E-02 0.000E+00
3.162E+02 5.388E-02 5.388E-02 0.000E+00
3.981E+02 7.131E-02 7.131E-02 0.000E+00
5.012E+02 7.824E-02 7.824E-02 0.000E+00
6.310E+02 7.368E-02 7.368E-02 0.000E+00
7.943E+02 6.309E-02 6.309E-02 0.000E+00
1.000E+03 5.721E-02 5.721E-02 0.000E+00
1.259E+03 7.490E-02 7.490E-02 0.000E+00
1.585E+03 1.442E-01 1.442E-01 0.000E+00
1.995E+03 0.000E+00 3.004E-01 0.000E+00
2.512E+03 0.000E+00 6.200E-01 0.000E+00
3.162E+03 0.000E+00 1.321E+00 0.000E+00
3.981E+03 0.000E+00 2.885E+00 0.000E+00
5.012E+03 0.000E+00 6.163E+00 0.000E+00
6.310E+03 0.000E+00 1.237E+01 0.000E+00
7.943E+03 0.000E+00 2.250E+01 0.000E+00
1.000E+04 0.000E+00 3.603E+01 0.000E+00
1.259E+04 0.000E+00 5.093E+01 0.000E+00
1.585E+04 0.000E+00 6.671E+01 0.000E+00
1.995E+04 0.000E+00 8.690E+01 0.000E+00
2.512E+04 0.000E+00 1.159E+02 0.000E+00
3.162E+04 0.000E+00 1.510E+02 0.000E+00
3.981E+04 0.000E+00 1.805E+02 0.000E+00
5.012E+04 0.000E+00 1.922E+02 0.000E+00

PAH
7.943E-04= radius (micron)
T_rad    <Qem>/a   <Qabs>/a  <Qpr>/a (micron-1)
5.012E+00 9.101E-06 9.101E-06 0.000E+00
6.310E+00 1.431E-05 1.431E-05 0.000E+00
7.943E+00 2.248E-05 2.248E-05 0.000E+00
1.000E+01 3.526E-05 3.526E-05 0.000E+00
1.259E+01 5.511E-05 5.511E-05 0.000E+00
1.585E+01 8.569E-05 8.569E-05 0.000E+00
1.995E+01 1.322E-04 1.322E-04 0.000E+00
2.512E+01 2.021E-04 2.021E-04 0.000E+00
3.162E+01 3.059E-04 3.059E-04 0.000E+00
3.981E+01 4.595E-04 4.595E-04 0.000E+00
5.012E+01 6.906E-04 6.906E-04 0.000E+00
6.310E+01 1.054E-03 1.054E-03 0.000E+00
7.943E+01 1.666E-03 1.666E-03 0.000E+00
1.000E+02 2.751E-03 2.751E-03 0.000E+00
1.259E+02 4.764E-03 4.764E-03 0.000E+00
1.585E+02 8.869E-03 8.869E-03 0.000E+00
1.995E+02 1.759E-02 1.759E-02 0.000E+00
2.512E+02 3.325E-02 3.325E-02 0.000E+00
3.162E+02 5.367E-02 5.367E-02 0.000E+00
3.981E+02 7.103E-02 7.103E-02 0.000E+00
5.012E+02 7.794E-02 7.794E-02 0.000E+00
6.310E+02 7.340E-02 7.340E-02 0.000E+00
7.943E+02 6.285E-02 6.285E-02 0.000E+00
1.000E+03 5.702E-02 5.702E-02 0.000E+00
1.259E+03 7.480E-02 7.480E-02 0.000E+00
1.585E+03 1.446E-01 1.446E-01 0.000E+00
1.995E+03 0.000E+00 3.028E-01 0.000E+00
2.512E+03 0.000E+00 6.260E-01 0.000E+00
3.162E+03 0.000E+00 1.330E+00 0.000E+00
3.981E+03 0.000E+00 2.893E+00 0.000E+00
5.012E+03 0.000E+00 6.159E+00 0.000E+00
6.310E+03 0.000E+00 1.234E+01 0.000E+00
7.943E+03 0.000E+00 2.243E+01 0.000E+00
1.000E+04 0.000E+00 3.590E+01 0.000E+00
1.259E+04 0.000E+00 5.075E+01 0.000E+00
1.585E+04 0.000E+00 6.646E+01 0.000E+00
1.995E+04 0.000E+00 8.657E+01 0.000E+00
2.512E+04 0.000E+00 1.155E+02 0.000E+00
3.162E+04 0.000E+00 1.505E+02 0.000E+00
3.981E+04 0.000E+00 1.799E+02 0.000E+00
5.012E+04 0.000E+00 1.915E+02 0.000E+00

PAH
8.913E-04= radius (micron)
T_rad    <Qem>/a   <Qabs>/a  <Qpr>/a (micron-1)
5.012E+00 8.884E-06 8.884E-06 0.000E+00
6.310E+00 1.397E-05 1.397E-05 0.000E+00
7.943E+00 2.197E-05 2.197E-05 0.000E+00
1.000E+01 3.449E-05 3.449E-05 0.000E+00
1.259E+01 5.402E-05 5.402E-05 0.000E+00
1.585E+01 8.423E-05 8.423E-05 0.000E+00
1.995E+01 1.305E-04 1.305E-04 0.000E+00
2.512E+01 2.005E-04 2.005E-04 0.000E+00
3.162E+01 3.050E-04 3.050E-04 0.000E+00
3.981E+01 4.604E-04 4.604E-04 0.000E+00
5.012E+01 6.945E-04 6.945E-04 0.000E+00
6.310E+01 1.062E-03 1.062E-03 0.000E+00
7.943E+01 1.678E-03 1.678E-03 0.000E+00
1.000E+02 2.767E-03 2.767E-03 0.000E+00
1.259E+02 4.785E-03 4.785E-03 0.000E+00
1.585E+02 8.898E-03 8.898E-03 0.000E+00
1.995E+02 1.763E-02 1.763E-02 0.000E+00
2.512E+02 3.332E-02 3.332E-02 0.000E+00
3.162E+02 5.375E-02 5.375E-02 0.000E+00
3.981E+02 7.111E-02 7.111E-02 0.000E+00
5.012E+02 7.802E-02 7.802E-02 0.000E+00
6.310E+02 7.346E-02 7.346E-02 0.000E+00
7.943E+02 6.291E-02 6.291E-02 0.000E+00
1.000E+03 5.708E-02 5.708E-02 0.000E+00
1.259E+03 7.499E-02 7.499E-02 0.000E+00
1.585E+03 1.455E-01 1.455E-01 0.000E+00
1.995E+03 0.000E+00 3.056E-01 0.000E+00
2.512E+03 0.000E+00 6.326E-01 0.000E+00
3.162E+03 0.000E+00 1.341E+00 0.000E+00
3.981E+03 0.000E+00 2.907E+00 0.000E+00
5.012E+03 0.000E+00 6.174E+00 0.000E+00
6.310E+03 0.000E+00 1.236E+01 0.000E+00
7.943E+03 0.000E+00 2.244E+01 0.000E+00
1.000E+04 0.000E+00 3.591E+01 0.000E+00
1.259E+04 0.000E+00 5.076E+01 0.000E+00
1.585E+04 0.000E+00 6.647E+01 0.000E+00
1.995E+04 0.000E+00 8.659E+01 0.000E+00
2.512E+04 0.000E+00 1.155E+02 0.000E+00
3.162E+04 0.000E+00 1.505E+02 0.000E+00
3.981E+04 0.000E+00 1.799E+02 0.000E+00
5.012E+04 0.000E+00 1.915E+02 0.000E+00

PAH
1.000E-03= radius (micron)
T_rad    <Qem>/a   <Qabs>/a  <Qpr>/a (micron-1)
5.012E+00 8.685E-06 8.685E-06 0.000E+00
6.310E+00 1.366E-05 1.366E-05 0.000E+00
7.943E+00 2.148E-05 2.148E-05 0.000E+00
1.000E+01 3.376E-05 3.376E-05 0.000E+00
1.259E+01 5.296E-05 5.296E-05 0.000E+00
1.585E+01 8.279E-05 8.279E-05 0.000E+00
1.995E+01 1.287E-04 1.287E-04 0.000E+00
2.512E+01 1.986E-04 1.986E-04 0.000E+00
3.162E+01 3.036E-04 3.036E-04 0.000E+00
3.981E+01 4.605E-04 4.605E-04 0.000E+00
5.012E+01 6.969E-04 6.969E-04 0.000E+00
6.310E+01 1.068E-03 1.068E-03 0.000E+00
7.943E+01 1.686E-03 1.686E-03 0.000E+00
1.000E+02 2.775E-03 2.775E-03 0.000E+00
1.259E+02 4.788E-03 4.788E-03 0.000E+00
1.585E+02 8.887E-03 8.887E-03 0.000E+00
1.995E+02 1.759E-02 1.759E-02 0.000E+00
2.512E+02 3.323E-02 3.323E-02 0.000E+00
3.162E+02 5.361E-02 5.361E-02 0.000E+00
3.981E+02 7.094E-02 7.094E-02 0.000E+00
5.012E+02 7.783E-02 7.783E-02 0.000E+00
6.310E+02 7.329E-02 7.329E-02 0.000E+00
7.943E+02 6.276E-02 6.276E-02 0.000E+00
1.000E+03 5.697E-02 5.697E-02 0.000E+00
1.259E+03 7.498E-02 7.498E-02 0.000E+00
1.585E+03 1.459E-01 1.459E-01 0.000E+00
1.995E+03 0.000E+00 3.073E-01 0.000E+00
2.512E+03 0.000E+00 6.362E-01 0.000E+00
3.162E+03 0.000E+00 1.346E+00 0.000E+00
3.981E+03 0.000E+00 2.910E+00 0.000E+00
5.012E+03 0.000E+00 6.171E+00 0.000E+00
6.310E+03 0.000E+00 1.234E+01 0.000E+00
7.943E+03 0.000E+00 2.240E+01 0.000E+00
1.000E+04 0.000E+00 3.584E+01 0.000E+00
1.259E+04 0.000E+00 5.066E+01 0.000E+00
1.585E+04 0.000E+00 6.634E+01 0.000E+00
1.995E+04 0.000E+00 8.641E+01 0.000E+00
2.512E+04 0.000E+00 1.152E+02 0.000E+00
3.162E+04 0.000E+00 1.502E+02 0.000E+00
3.981E+04 0.000E+00 1.795E+02 0.000E+00
5.012E+04 0.000E+00 1.911E+02 0.000E+00

PAH
1.122E-03= radius (micron)
T_rad    <Qem>/a   <Qabs>/a  <Qpr>/a (micron-1)
5.012E+00 8.521E-06 8.521E-06 0.000E+00
6.310E+00 1.340E-05 1.340E-05 0.000E+00
7.943E+00 2.107E-05 2.107E-05 0.000E+00
1.000E+01 3.314E-05 3.314E-05 0.000E+00
1.259E+01 5.207E-05 5.207E-05 0.000E+00
1.585E+01 8.158E-05 8.158E-05 0.000E+00
1.995E+01 1.272E-04 1.272E-04 0.000E+00
2.512E+01 1.971E-04 1.971E-04 0.000E+00
3.162E+01 3.027E-04 3.027E-04 0.000E+00
3.981E+01 4.611E-04 4.611E-04 0.000E+00
5.012E+01 7.004E-04 7.004E-04 0.000E+00
6.310E+01 1.075E-03 1.075E-03 0.000E+00
7.943E+01 1.698E-03 1.698E-03 0.000E+00
1.000E+02 2.790E-03 2.790E-03 0.000E+00
1.259E+02 4.803E-03 4.803E-03 0.000E+00
1.585E+02 8.900E-03 8.900E-03 0.000E+00
1.995E+02 1.760E-02 1.760E-02 0.000E+00
2.512E+02 3.325E-02 3.325E-02 0.000E+00
3.162E+02 5.364E-02 5.364E-02 0.000E+00
3.981E+02 7.099E-02 7.099E-02 0.000E+00
5.012E+02 7.789E-02 7.789E-02 0.000E+00
6.310E+02 7.335E-02 7.335E-02 0.000E+00
7.943E+02 6.282E-02 6.282E-02 0.000E+00
1.000E+03 5.704E-02 5.704E-02 0.000E+00
1.259E+03 7.518E-02 7.518E-02 0.000E+00
1.585E+03 1.467E-01 1.467E-01 0.000E+00
1.995E+03 0.000E+00 3.095E-01 0.000E+00
2.512E+03 0.000E+00 6.408E-01 0.000E+00
3.162E+03 0.000E+00 1.354E+00 0.000E+00
3.981E+03 0.000E+00 2.921E+00 0.000E+00
5.012E+03 0.000E+00 6.186E+00 0.000E+00
6.310E+03 0.000E+00 1.236E+01 0.000E+00
7.943E+03 0.000E+00 2.244E+01 0.000E+00
1.000E+04 0.000E+00 3.590E+01 0.000E+00
1.259E+04 0.000E+00 5.073E+01 0.000E+00
1.585E+04 0.000E+00 6.643E+01 0.000E+00
1.995E+04 0.000E+00 8.653E+01 0.000E+00
2.512E+04 0.000E+00 1.154E+02 0.000E+00
3.162E+04 0.000E+00 1.504E+02 0.000E+00
3.981E+04 0.000E+00 1.797E+02 0.000E+00
5.012E+04 0.000E+00 1.913E+02 0.000E+00

PAH
1.259E-03= radius (micron)
T_rad    <Qem>/a   <Qabs>/a  <Qpr>/a (micron-1)
5.012E+00 8.369E-06 8.369E-06 0.000E+00
6.310E+00 1.315E-05 1.315E-05 0.000E+00
7.943E+00 2.069E-05 2.069E-05 0.000E+00
1.000E+01 3.256E-05 3.256E-05 0.000E+00
1.259E+01 5.121E-05 5.121E-05 0.000E+00
1.585E+01 8.038E-05 8.038E-05 0.000E+00
1.995E+01 1.257E-04 1.257E-04 0.000E+00
2.512E+01 1.954E-04 1.954E-04 0.000E+00
3.162E+01 3.014E-04 3.014E-04 0.000E+00
3.981E+01 4.610E-04 4.610E-04 0.000E+00
5.012E+01 7.025E-04 7.025E-04 0.000E+00
6.310E+01 1.080E-03 1.080E-03 0.000E+00
7.943E+01 1.705E-03 1.705E-03 0.000E+00
1.000E+02 2.798E-03 2.798E-03 0.000E+00
1.259E+02 4.809E-03 4.809E-03 0.000E+00
1.585E+02 8.900E-03 8.900E-03 0.000E+00
1.995E+02 1.759E-02 1.759E-02 0.000E+00
2.512E+02 3.321E-02 3.321E-02 0.000E+00
3.162E+02 5.357E-02 5.357E-02 0.000E+00
3.981E+02 7.090E-02 7.090E-02 0.000E+00
5.012E+02 7.779E-02 7.779E-02 0.000E+00
6.310E+02 7.326E-02 7.326E-02 0.000E+00
7.943E+02 6.275E-02 6.275E-02 0.000E+00
1.000E+03 5.699E-02 5.699E-02 0.000E+00
1.259E+03 7.521E-02 7.521E-02 0.000E+00
1.585E+03 1.470E-01 1.470E-01 0.000E+00
1.995E+03 0.000E+00 3.106E-01 0.000E+00
2.512E+03 0.000E+00 6.430E-01 0.000E+00
3.162E+03 0.000E+00 1.356E+00 0.000E+00
3.981E+03 0.000E+00 2.923E+00 0.000E+00
5.012E+03 0.000E+00 6.184E+00 0.000E+00
6.310E+03 0.000E+00 1.235E+01 0.000E+00
7.943E+03 0.000E+00 2.242E+01 0.000E+00
1.000E+04 0.000E+00 3.586E+01 0.000E+00
1.259E+04 0.000E+00 5.067E+01 0.000E+00
1.585E+04 0.000E+00 6.635E+01 0.000E+00
1.995E+04 0.000E+00 8.643E+01 0.000E+00
2.512E+04 0.000E+00 1.153E+02 0.000E+00
3.162E+04 0.000E+00 1.502E+02 0.000E+00
3.981E+04 0.000E+00 1.795E+02 0.000E+00
5.012E+04 0.000E+00 1.910E+02 0.000E+00

PAH
1.413E-03= radius (micron)
T_rad    <Qem>/a   <Qabs>/a  <Qpr>/a (micron-1)
5.012E+00 8.240E-06 8.240E-06 0.000E+00
6.310E+00 1.294E-05 1.294E-05 0.000E+00
7.943E+00 2.036E-05 2.036E-05 0.000E+00
1.000E+01 3.205E-05 3.205E-05 0.000E+00
1.259E+01 5.045E-05 5.045E-05 0.000E+00
1.585E+01 7.932E-05 7.932E-05 0.000E+00
1.995E+01 1.243E-04 1.243E-04 0.000E+00
2.512E+01 1.939E-04 1.939E-04 0.000E+00
3.162E+01 3.002E-04 3.002E-04 0.000E+00
3.981E+01 4.610E-04 4.610E-04 0.000E+00
5.012E+01 7.047E-04 7.047E-04 0.000E+00
6.310E+01 1.085E-03 1.085E-03 0.000E+00
7.943E+01 1.713E-03 1.713E-03 0.000E+00
1.000E+02 2.808E-03 2.808E-03 0.000E+00
1.259E+02 4.819E-03 4.819E-03 0.000E+00
1.585E+02 8.905E-03 8.905E-03 0.000E+00
1.995E+02 1.758E-02 1.758E-02 0.000E+00
2.512E+02 3.320E-02 3.320E-02 0.000E+00
3.162E+02 5.355E-02 5.355E-02 0.000E+00
3.981E+02 7.087E-02 7.087E-02 0.000E+00
5.012E+02 7.776E-02 7.776E-02 0.000E+00
6.310E+02 7.324E-02 7.324E-02 0.000E+00
7.943E+02 6.273E-02 6.273E-02 0.000E+00
1.000E+03 5.699E-02 5.699E-02 0.000E+00
1.259E+03 7.528E-02 7.528E-02 0.000E+00
1.585E+03 1.474E-01 1.474E-01 0.000E+00
1.995E+03 0.000E+00 3.117E-01 0.000E+00
2.512E+03 0.000E+00 6.451E-01 0.000E+00
3.162E+03 0.000E+00 1.359E+00 0.000E+00
3.981E+03 0.000E+00 2.926E+00 0.000E+00
5.012E+03 0.000E+00 6.186E+00 0.000E+00
6.310E+03 0.000E+00 1.235E+01 0.000E+00
7.943E+03 0.000E+00 2.241E+01 0.000E+00
1.000E+04 0.000E+00 3.585E+01 0.000E+00
1.259E+04 0.000E+00 5.066E+01 0.000E+00
1.585E+04 0.000E+00 6.634E+01 0.000E+00
1.995E+04 0.000E+00 8.641E+01 0.000E+00
2.512E+04 0.000E+00 1.152E+02 0.000E+00
3.162E+04 0.000E+00 1.501E+02 0.000E+00
3.981E+04 0.000E+00 1.794E+02 0.000E+00
5.012E+04 0.000E+00 1.909E+02 0.000E+00

PAH
1.585E-03= radius (micron)
T_rad    <Qem>/a   <Qabs>/a  <Qpr>/a (micron-1)
5.012E+00 8.130E-06 8.130E-06 0.000E+00
6.310E+00 1.276E-05 1.276E-05 0.000E+00
7.943E+00 2.007E-05 2.007E-05 0.000E+00
1.000E+01 3.160E-05 3.160E-05 0.000E+00
1.259E+01 4.978E-05 4.978E-05 0.000E+00
1.585E+01 7.838E-05 7.838E-05 0.000E+00
1.995E+01 1.231E-04 1.231E-04 0.000E+00
2.512E+01 1.926E-04 1.926E-04 0.000E+00
3.162E+01 2.992E-04 2.992E-04 0.000E+00
3.981E+01 4.611E-04 4.611E-04 0.000E+00
5.012E+01 7.069E-04 7.069E-04 0.000E+00
6.310E+01 1.090E-03 1.090E-03 0.000E+00
7.943E+01 1.722E-03 1.722E-03 0.000E+00
1.000E+02 2.819E-03 2.819E-03 0.000E+00
1.259E+02 4.832E-03 4.832E-03 0.000E+00
1.585E+02 8.921E-03 8.921E-03 0.000E+00
1.995E+02 1.761E-02 1.761E-02 0.000E+00
2.512E+02 3.323E-02 3.323E-02 0.000E+00
3.162E+02 5.359E-02 5.359E-02 0.000E+00
3.981E+02 7.092E-02 7.092E-02 0.000E+00
5.012E+02 7.781E-02 7.781E-02 0.000E+00
6.310E+02 7.328E-02 7.328E-02 0.000E+00
7.943E+02 6.277E-02 6.277E-02 0.000E+00
1.000E+03 5.703E-02 5.703E-02 0.000E+00
1.259E+03 7.539E-02 7.539E-02 0.000E+00
1.585E+03 1.478E-01 1.478E-01 0.000E+00
1.995E+03 0.000E+00 3.127E-01 0.000E+00
2.512E+03 0.000E+00 6.471E-01 0.000E+00
3.162E+03 0.000E+00 1.362E+00 0.000E+00
3.981E+03 0.000E+00 2.930E+00 0.000E+00
5.012E+03 0.000E+00 6.192E+00 0.000E+00
6.310E+03 0.000E+00 1.236E+01 0.000E+00
7.943E+03 0.000E+00 2.243E+01 0.000E+00
1.000E+04 0.000E+00 3.587E+01 0.000E+00
1.259E+04 0.000E+00 5.069E+01 0.000E+00
1.585E+04 0.000E+00 6.637E+01 0.000E+00
1.995E+04 0.000E+00 8.645E+01 0.000E+00
2.512E+04 0.000E+00 1.153E+02 0.000E+00
3.162E+04 0.000E+00 1.502E+02 0.000E+00
3.981E+04 0.000E+00 1.794E+02 0.000E+00
5.012E+04 0.000E+00 1.909E+02 0.000E+00

PAH
1.778E-03= radius (micron)
T_rad    <Qem>/a   <Qabs>/a  <Qpr>/a (micron-1)
5.012E+00 8.032E-06 8.032E-06 0.000E+00
6.310E+00 1.260E-05 1.260E-05 0.000E+00
7.943E+00 1.981E-05 1.981E-05 0.000E+00
1.000E+01 3.119E-05 3.119E-05 0.000E+00
1.259E+01 4.917E-05 4.917E-05 0.000E+00
1.585E+01 7.750E-05 7.750E-05 0.000E+00
1.995E+01 1.220E-04 1.220E-04 0.000E+00
2.512E+01 1.913E-04 1.913E-04 0.000E+00
3.162E+01 2.981E-04 2.981E-04 0.000E+00
3.981E+01 4.608E-04 4.608E-04 0.000E+00
5.012E+01 7.085E-04 7.085E-04 0.000E+00
6.310E+01 1.095E-03 1.095E-03 0.000E+00
7.943E+01 1.729E-03 1.729E-03 0.000E+00
1.000E+02 2.828E-03 2.828E-03 0.000E+00
1.259E+02 4.840E-03 4.840E-03 0.000E+00
1.585E+02 8.925E-03 8.925E-03 0.000E+00
1.995E+02 1.760E-02 1.760E-02 0.000E+00
2.512E+02 3.321E-02 3.321E-02 0.000E+00
3.162E+02 5.357E-02 5.357E-02 0.000E+00
3.981E+02 7.089E-02 7.089E-02 0.000E+00
5.012E+02 7.778E-02 7.778E-02 0.000E+00
6.310E+02 7.325E-02 7.325E-02 0.000E+00
7.943E+02 6.274E-02 6.274E-02 0.000E+00
1.000E+03 5.702E-02 5.702E-02 0.000E+00
1.259E+03 7.543E-02 7.543E-02 0.000E+00
1.585E+03 1.480E-01 1.480E-01 0.000E+00
1.995E+03 0.000E+00 3.133E-01 0.000E+00
2.512E+03 0.000E+00 6.483E-01 0.000E+00
3.162E+03 0.000E+00 1.364E+00 0.000E+00
3.981E+03 0.000E+00 2.931E+00 0.000E+00
5.012E+03 0.000E+00 6.192E+00 0.000E+00
6.310E+03 0.000E+00 1.236E+01 0.000E+00
7.943E+03 0.000E+00 2.242E+01 0.000E+00
1.000E+04 0.000E+00 3.586E+01 0.000E+00
1.259E+04 0.000E+00 5.067E+01 0.000E+00
1.585E+04 0.000E+00 6.635E+01 0.000E+00
1.995E+04 0.000E+00 8.642E+01 0.000E+00
2.512E+04 0.000E+00 1.152E+02 0.000E+00
3.162E+04 0.000E+00 1.501E+02 0.000E+00
3.981E+04 0.000E+00 1.793E+02 0.000E+00
5.012E+04 0.000E+00 1.906E+02 0.000E+00

PAH
1.995E-03= radius (micron)
T_rad    <Qem>/a   <Qabs>/a  <Qpr>/a (micron-1)
5.012E+00 7.950E-06 7.950E-06 0.000E+00
6.310E+00 1.246E-05 1.246E-05 0.000E+00
7.943E+00 1.959E-05 1.959E-05 0.000E+00
1.000E+01 3.084E-05 3.084E-05 0.000E+00
1.259E+01 4.863E-05 4.863E-05 0.000E+00
1.585E+01 7.672E-05 7.672E-05 0.000E+00
1.995E+01 1.209E-04 1.209E-04 0.000E+00
2.512E+01 1.901E-04 1.901E-04 0.000E+00
3.162E+01 2.970E-04 2.970E-04 0.000E+00
3.981E+01 4.606E-04 4.606E-04 0.000E+00
5.012E+01 7.100E-04 7.100E-04 0.000E+00
6.310E+01 1.099E-03 1.099E-03 0.000E+00
7.943E+01 1.735E-03 1.735E-03 0.000E+00
1.000E+02 2.836E-03 2.836E-03 0.000E+00
1.259E+02 4.848E-03 4.848E-03 0.000E+00
1.585E+02 8.931E-03 8.931E-03 0.000E+00
1.995E+02 1.761E-02 1.761E-02 0.000E+00
2.512E+02 3.321E-02 3.321E-02 0.000E+00
3.162E+02 5.357E-02 5.357E-02 0.000E+00
3.981E+02 7.088E-02 7.088E-02 0.000E+00
5.012E+02 7.778E-02 7.778E-02 0.000E+00
6.310E+02 7.325E-02 7.325E-02 0.000E+00
7.943E+02 6.274E-02 6.274E-02 0.000E+00
1.000E+03 5.703E-02 5.703E-02 0.000E+00
1.259E+03 7.549E-02 7.549E-02 0.000E+00
1.585E+03 1.483E-01 1.483E-01 0.000E+00
1.995E+03 0.000E+00 3.139E-01 0.000E+00
2.512E+03 0.000E+00 6.495E-01 0.000E+00
3.162E+03 0.000E+00 1.366E+00 0.000E+00
3.981E+03 0.000E+00 2.933E+00 0.000E+00
5.012E+03 0.000E+00 6.193E+00 0.000E+00
6.310E+03 0.000E+00 1.236E+01 0.000E+00
7.943E+03 0.000E+00 2.242E+01 0.000E+00
1.000E+04 0.000E+00 3.586E+01 0.000E+00
1.259E+04 0.000E+00 5.067E+01 0.000E+00
1.585E+04 0.000E+00 6.635E+01 0.000E+00
1.995E+04 0.000E+00 8.642E+01 0.000E+00
2.512E+04 0.000E+00 1.152E+02 0.000E+00
3.162E+04 0.000E+00 1.501E+02 0.000E+00
3.981E+04 0.000E+00 1.792E+02 0.000E+00
5.012E+04 0.000E+00 1.904E+02 0.000E+00

PAH
2.239E-03= radius (micron)
T_rad    <Qem>/a   <Qabs>/a  <Qpr>/a (micron-1)
5.012E+00 7.879E-06 7.879E-06 0.000E+00
6.310E+00 1.234E-05 1.234E-05 0.000E+00
7.943E+00 1.939E-05 1.939E-05 0.000E+00
1.000E+01 3.052E-05 3.052E-05 0.000E+00
1.259E+01 4.815E-05 4.815E-05 0.000E+00
1.585E+01 7.602E-05 7.602E-05 0.000E+00
1.995E+01 1.200E-04 1.200E-04 0.000E+00
2.512E+01 1.890E-04 1.890E-04 0.000E+00
3.162E+01 2.961E-04 2.961E-04 0.000E+00
3.981E+01 4.604E-04 4.604E-04 0.000E+00
5.012E+01 7.113E-04 7.113E-04 0.000E+00
6.310E+01 1.102E-03 1.102E-03 0.000E+00
7.943E+01 1.741E-03 1.741E-03 0.000E+00
1.000E+02 2.843E-03 2.843E-03 0.000E+00
1.259E+02 4.855E-03 4.855E-03 0.000E+00
1.585E+02 8.936E-03 8.936E-03 0.000E+00
1.995E+02 1.761E-02 1.761E-02 0.000E+00
2.512E+02 3.321E-02 3.321E-02 0.000E+00
3.162E+02 5.356E-02 5.356E-02 0.000E+00
3.981E+02 7.087E-02 7.087E-02 0.000E+00
5.012E+02 7.776E-02 7.776E-02 0.000E+00
6.310E+02 7.324E-02 7.324E-02 0.000E+00
7.943E+02 6.274E-02 6.274E-02 0.000E+00
1.000E+03 5.703E-02 5.703E-02 0.000E+00
1.259E+03 7.553E-02 7.553E-02 0.000E+00
1.585E+03 1.484E-01 1.484E-01 0.000E+00
1.995E+03 0.000E+00 3.144E-01 0.000E+00
2.512E+03 0.000E+00 6.502E-01 0.000E+00
3.162E+03 0.000E+00 1.367E+00 0.000E+00
3.981E+03 0.000E+00 2.934E+00 0.000E+00
5.012E+03 0.000E+00 6.194E+00 0.000E+00
6.310E+03 0.000E+00 1.236E+01 0.000E+00
7.943E+03 0.000E+00 2.242E+01 0.000E+00
1.000E+04 0.000E+00 3.585E+01 0.000E+00
1.259E+04 0.000E+00 5.066E+01 0.000E+00
1.585E+04 0.000E+00 6.634E+01 0.000E+00
1.995E+04 0.000E+00 8.640E+01 0.000E+00
2.512E+04 0.000E+00 1.152E+02 0.000E+00
3.162E+04 0.000E+00 1.500E+02 0.000E+00
3.981E+04 0.000E+00 1.790E+02 0.000E+00
5.012E+04 0.000E+00 1.902E+02 0.000E+00

PAH
2.512E-03= radius (micron)
T_rad    <Qem>/a   <Qabs>/a  <Qpr>/a (micron-1)
5.012E+00 7.818E-06 7.818E-06 0.000E+00
6.310E+00 1.224E-05 1.224E-05 0.000E+00
7.943E+00 1.922E-05 1.922E-05 0.000E+00
1.000E+01 3.025E-05 3.025E-05 0.000E+00
1.259E+01 4.772E-05 4.772E-05 0.000E+00
1.585E+01 7.539E-05 7.539E-05 0.000E+00
1.995E+01 1.191E-04 1.191E-04 0.000E+00
2.512E+01 1.879E-04 1.879E-04 0.000E+00
3.162E+01 2.951E-04 2.951E-04 0.000E+00
3.981E+01 4.601E-04 4.601E-04 0.000E+00
5.012E+01 7.125E-04 7.125E-04 0.000E+00
6.310E+01 1.105E-03 1.105E-03 0.000E+00
7.943E+01 1.746E-03 1.746E-03 0.000E+00
1.000E+02 2.850E-03 2.850E-03 0.000E+00
1.259E+02 4.862E-03 4.862E-03 0.000E+00
1.585E+02 8.943E-03 8.943E-03 0.000E+00
1.995E+02 1.761E-02 1.761E-02 0.000E+00
2.512E+02 3.321E-02 3.321E-02 0.000E+00
3.162E+02 5.356E-02 5.356E-02 0.000E+00
3.981E+02 7.087E-02 7.087E-02 0.000E+00
5.012E+02 7.776E-02 7.776E-02 0.000E+00
6.310E+02 7.324E-02 7.324E-02 0.000E+00
7.943E+02 6.273E-02 6.273E-02 0.000E+00
1.000E+03 5.703E-02 5.703E-02 0.000E+00
1.259E+03 7.556E-02 7.556E-02 0.000E+00
1.585E+03 1.486E-01 1.486E-01 0.000E+00
1.995E+03 0.000E+00 3.147E-01 0.000E+00
2.512E+03 0.000E+00 6.509E-01 0.000E+00
3.162E+03 0.000E+00 1.368E+00 0.000E+00
3.981E+03 0.000E+00 2.935E+00 0.000E+00
5.012E+03 0.000E+00 6.194E+00 0.000E+00
6.310E+03 0.000E+00 1.236E+01 0.000E+00
7.943E+03 0.000E+00 2.242E+01 0.000E+00
1.000E+04 0.000E+00 3.585E+01 0.000E+00
1.259E+04 0.000E+00 5.066E+01 0.000E+00
1.585E+04 0.000E+00 6.634E+01 0.000E+00
1.995E+04 0.000E+00 8.640E+01 0.000E+00
2.512E+04 0.000E+00 1.152E+02 0.000E+00
3.162E+04 0.000E+00 1.499E+02 0.000E+00
3.981E+04 0.000E+00 1.788E+02 0.000E+00
5.012E+04 0.000E+00 1.899E+02 0.000E+00

PAH
2.818E-03= radius (micron)
T_rad    <Qem>/a   <Qabs>/a  <Qpr>/a (micron-1)
5.012E+00 7.767E-06 7.767E-06 0.000E+00
6.310E+00 1.215E-05 1.215E-05 0.000E+00
7.943E+00 1.907E-05 1.907E-05 0.000E+00
1.000E+01 3.001E-05 3.001E-05 0.000E+00
1.259E+01 4.734E-05 4.734E-05 0.000E+00
1.585E+01 7.483E-05 7.483E-05 0.000E+00
1.995E+01 1.184E-04 1.184E-04 0.000E+00
2.512E+01 1.870E-04 1.870E-04 0.000E+00
3.162E+01 2.943E-04 2.943E-04 0.000E+00
3.981E+01 4.598E-04 4.598E-04 0.000E+00
5.012E+01 7.135E-04 7.135E-04 0.000E+00
6.310E+01 1.108E-03 1.108E-03 0.000E+00
7.943E+01 1.751E-03 1.751E-03 0.000E+00
1.000E+02 2.856E-03 2.856E-03 0.000E+00
1.259E+02 4.869E-03 4.869E-03 0.000E+00
1.585E+02 8.949E-03 8.949E-03 0.000E+00
1.995E+02 1.762E-02 1.762E-02 0.000E+00
2.512E+02 3.322E-02 3.322E-02 0.000E+00
3.162E+02 5.356E-02 5.356E-02 0.000E+00
3.981E+02 7.087E-02 7.087E-02 0.000E+00
5.012E+02 7.777E-02 7.777E-02 0.000E+00
6.310E+02 7.324E-02 7.324E-02 0.000E+00
7.943E+02 6.274E-02 6.274E-02 0.000E+00
1.000E+03 5.704E-02 5.704E-02 0.000E+00
1.259E+03 7.560E-02 7.560E-02 0.000E+00
1.585E+03 1.487E-01 1.487E-01 0.000E+00
1.995E+03 0.000E+00 3.151E-01 0.000E+00
2.512E+03 0.000E+00 6.515E-01 0.000E+00
3.162E+03 0.000E+00 1.368E+00 0.000E+00
3.981E+03 0.000E+00 2.936E+00 0.000E+00
5.012E+03 0.000E+00 6.196E+00 0.000E+00
6.310E+03 0.000E+00 1.236E+01 0.000E+00
7.943E+03 0.000E+00 2.242E+01 0.000E+00
1.000E+04 0.000E+00 3.585E+01 0.000E+00
1.259E+04 0.000E+00 5.066E+01 0.000E+00
1.585E+04 0.000E+00 6.634E+01 0.000E+00
1.995E+04 0.000E+00 8.640E+01 0.000E+00
2.512E+04 0.000E+00 1.151E+02 0.000E+00
3.162E+04 0.000E+00 1.498E+02 0.000E+00
3.981E+04 0.000E+00 1.786E+02 0.000E+00
5.012E+04 0.000E+00 1.895E+02 0.000E+00

PAH
3.162E-03= radius (micron)
T_rad    <Qem>/a   <Qabs>/a  <Qpr>/a (micron-1)
5.012E+00 7.722E-06 7.722E-06 0.000E+00
6.310E+00 1.208E-05 1.208E-05 0.000E+00
7.943E+00 1.894E-05 1.894E-05 0.000E+00
1.000E+01 2.980E-05 2.980E-05 0.000E+00
1.259E+01 4.701E-05 4.701E-05 0.000E+00
1.585E+01 7.433E-05 7.433E-05 0.000E+00
1.995E+01 1.177E-04 1.177E-04 0.000E+00
2.512E+01 1.862E-04 1.862E-04 0.000E+00
3.162E+01 2.935E-04 2.935E-04 0.000E+00
3.981E+01 4.596E-04 4.596E-04 0.000E+00
5.012E+01 7.144E-04 7.144E-04 0.000E+00
6.310E+01 1.111E-03 1.111E-03 0.000E+00
7.943E+01 1.756E-03 1.756E-03 0.000E+00
1.000E+02 2.862E-03 2.862E-03 0.000E+00
1.259E+02 4.875E-03 4.875E-03 0.000E+00
1.585E+02 8.953E-03 8.953E-03 0.000E+00
1.995E+02 1.762E-02 1.762E-02 0.000E+00
2.512E+02 3.322E-02 3.322E-02 0.000E+00
3.162E+02 5.356E-02 5.356E-02 0.000E+00
3.981E+02 7.087E-02 7.087E-02 0.000E+00
5.012E+02 7.776E-02 7.776E-02 0.000E+00
6.310E+02 7.324E-02 7.324E-02 0.000E+00
7.943E+02 6.274E-02 6.274E-02 0.000E+00
1.000E+03 5.705E-02 5.705E-02 0.000E+00
1.259E+03 7.563E-02 7.563E-02 0.000E+00
1.585E+03 1.488E-01 1.488E-01 0.000E+00
1.995E+03 0.000E+00 3.153E-01 0.000E+00
2.512E+03 0.000E+00 6.520E-01 0.000E+00
3.162E+03 0.000E+00 1.369E+00 0.000E+00
3.981E+03 0.000E+00 2.937E+00 0.000E+00
5.012E+03 0.000E+00 6.196E+00 0.000E+00
6.310E+03 0.000E+00 1.236E+01 0.000E+00
7.943E+03 0.000E+00 2.242E+01 0.000E+00
1.000E+04 0.000E+00 3.585E+01 0.000E+00
1.259E+04 0.000E+00 5.066E+01 0.000E+00
1.585E+04 0.000E+00 6.634E+01 0.000E+00
1.995E+04 0.000E+00 8.639E+01 0.000E+00
2.512E+04 0.000E+00 1.151E+02 0.000E+00
3.162E+04 0.000E+00 1.497E+02 0.000E+00
3.981E+04 0.000E+00 1.784E+02 0.000E+00
5.012E+04 0.000E+00 1.890E+02 0.000E+00

PAH
3.548E-03= radius (micron)
T_rad    <Qem>/a   <Qabs>/a  <Qpr>/a (micron-1)
5.012E+00 7.683E-06 7.683E-06 0.000E+00
6.310E+00 1.201E-05 1.201E-05 0.000E+00
7.943E+00 1.884E-05 1.884E-05 0.000E+00
1.000E+01 2.962E-05 2.962E-05 0.000E+00
1.259E+01 4.673E-05 4.673E-05 0.000E+00
1.585E+01 7.390E-05 7.390E-05 0.000E+00
1.995E+01 1.171E-04 1.171E-04 0.000E+00
2.512E+01 1.854E-04 1.854E-04 0.000E+00
3.162E+01 2.928E-04 2.928E-04 0.000E+00
3.981E+01 4.593E-04 4.593E-04 0.000E+00
5.012E+01 7.152E-04 7.152E-04 0.000E+00
6.310E+01 1.113E-03 1.113E-03 0.000E+00
7.943E+01 1.760E-03 1.760E-03 0.000E+00
1.000E+02 2.867E-03 2.867E-03 0.000E+00
1.259E+02 4.880E-03 4.880E-03 0.000E+00
1.585E+02 8.959E-03 8.959E-03 0.000E+00
1.995E+02 1.762E-02 1.762E-02 0.000E+00
2.512E+02 3.322E-02 3.322E-02 0.000E+00
3.162E+02 5.357E-02 5.357E-02 0.000E+00
3.981E+02 7.088E-02 7.088E-02 0.000E+00
5.012E+02 7.777E-02 7.777E-02 0.000E+00
6.310E+02 7.325E-02 7.325E-02 0.000E+00
7.943E+02 6.274E-02 6.274E-02 0.000E+00
1.000E+03 5.706E-02 5.706E-02 0.000E+00
1.259E+03 7.566E-02 7.566E-02 0.000E+00
1.585E+03 1.489E-01 1.489E-01 0.000E+00
1.995E+03 0.000E+00 3.156E-01 0.000E+00
2.512E+03 0.000E+00 6.524E-01 0.000E+00
3.162E+03 0.000E+00 1.370E+00 0.000E+00
3.981E+03 0.000E+00 2.937E+00 0.000E+00
5.012E+03 0.000E+00 6.197E+00 0.000E+00
6.310E+03 0.000E+00 1.236E+01 0.000E+00
7.943E+03 0.000E+00 2.242E+01 0.000E+00
1.000E+04 0.000E+00 3.586E+01 0.000E+00
1.259E+04 0.000E+00 5.067E+01 0.000E+00
1.585E+04 0.000E+00 6.634E+01 0.000E+00
1.995E+04 0.000E+00 8.639E+01 0.000E+00
2.512E+04 0.000E+00 1.151E+02 0.000E+00
3.162E+04 0.000E+00 1.496E+02 0.000E+00
3.981E+04 0.000E+00 1.781E+02 0.000E+00
5.012E+04 0.000E+00 1.884E+02 0.000E+00

PAH
3.981E-03= radius (micron)
T_rad    <Qem>/a   <Qabs>/a  <Qpr>/a (micron-1)
5.012E+00 7.647E-06 7.647E-06 0.000E+00
6.310E+00 1.196E-05 1.196E-05 0.000E+00
7.943E+00 1.874E-05 1.874E-05 0.000E+00
1.000E+01 2.947E-05 2.947E-05 0.000E+00
1.259E+01 4.648E-05 4.648E-05 0.000E+00
1.585E+01 7.351E-05 7.351E-05 0.000E+00
1.995E+01 1.165E-04 1.165E-04 0.000E+00
2.512E+01 1.847E-04 1.847E-04 0.000E+00
3.162E+01 2.921E-04 2.921E-04 0.000E+00
3.981E+01 4.590E-04 4.590E-04 0.000E+00
5.012E+01 7.158E-04 7.158E-04 0.000E+00
6.310E+01 1.115E-03 1.115E-03 0.000E+00
7.943E+01 1.763E-03 1.763E-03 0.000E+00
1.000E+02 2.872E-03 2.872E-03 0.000E+00
1.259E+02 4.885E-03 4.885E-03 0.000E+00
1.585E+02 8.963E-03 8.963E-03 0.000E+00
1.995E+02 1.763E-02 1.763E-02 0.000E+00
2.512E+02 3.322E-02 3.322E-02 0.000E+00
3.162E+02 5.356E-02 5.356E-02 0.000E+00
3.981E+02 7.088E-02 7.088E-02 0.000E+00
5.012E+02 7.777E-02 7.777E-02 0.000E+00
6.310E+02 7.324E-02 7.324E-02 0.000E+00
7.943E+02 6.274E-02 6.274E-02 0.000E+00
1.000E+03 5.706E-02 5.706E-02 0.000E+00
1.259E+03 7.567E-02 7.567E-02 0.000E+00
1.585E+03 1.490E-01 1.490E-01 0.000E+00
1.995E+03 0.000E+00 3.157E-01 0.000E+00
2.512E+03 0.000E+00 6.527E-01 0.000E+00
3.162E+03 0.000E+00 1.370E+00 0.000E+00
3.981E+03 0.000E+00 2.938E+00 0.000E+00
5.012E+03 0.000E+00 6.197E+00 0.000E+00
6.310E+03 0.000E+00 1.236E+01 0.000E+00
7.943E+03 0.000E+00 2.242E+01 0.000E+00
1.000E+04 0.000E+00 3.586E+01 0.000E+00
1.259E+04 0.000E+00 5.067E+01 0.000E+00
1.585E+04 0.000E+00 6.634E+01 0.000E+00
1.995E+04 0.000E+00 8.639E+01 0.000E+00
2.512E+04 0.000E+00 1.150E+02 0.000E+00
3.162E+04 0.000E+00 1.495E+02 0.000E+00
3.981E+04 0.000E+00 1.777E+02 0.000E+00
5.012E+04 0.000E+00 1.877E+02 0.000E+00

PAH
4.467E-03= radius (micron)
T_rad    <Qem>/a   <Qabs>/a  <Qpr>/a (micron-1)
5.012E+00 7.614E-06 7.614E-06 0.000E+00
6.310E+00 1.191E-05 1.191E-05 0.000E+00
7.943E+00 1.866E-05 1.866E-05 0.000E+00
1.000E+01 2.933E-05 2.933E-05 0.000E+00
1.259E+01 4.626E-05 4.626E-05 0.000E+00
1.585E+01 7.317E-05 7.317E-05 0.000E+00
1.995E+01 1.160E-04 1.160E-04 0.000E+00
2.512E+01 1.841E-04 1.841E-04 0.000E+00
3.162E+01 2.915E-04 2.915E-04 0.000E+00
3.981E+01 4.588E-04 4.588E-04 0.000E+00
5.012E+01 7.164E-04 7.164E-04 0.000E+00
6.310E+01 1.117E-03 1.117E-03 0.000E+00
7.943E+01 1.767E-03 1.767E-03 0.000E+00
1.000E+02 2.876E-03 2.876E-03 0.000E+00
1.259E+02 4.890E-03 4.890E-03 0.000E+00
1.585E+02 8.967E-03 8.967E-03 0.000E+00
1.995E+02 1.763E-02 1.763E-02 0.000E+00
2.512E+02 3.322E-02 3.322E-02 0.000E+00
3.162E+02 5.356E-02 5.356E-02 0.000E+00
3.981E+02 7.088E-02 7.088E-02 0.000E+00
5.012E+02 7.777E-02 7.777E-02 0.000E+00
6.310E+02 7.324E-02 7.324E-02 0.000E+00
7.943E+02 6.274E-02 6.274E-02 0.000E+00
1.000E+03 5.706E-02 5.706E-02 0.000E+00
1.259E+03 7.569E-02 7.569E-02 0.000E+00
1.585E+03 1.490E-01 1.490E-01 0.000E+00
1.995E+03 0.000E+00 3.159E-01 0.000E+00
2.512E+03 0.000E+00 6.530E-01 0.000E+00
3.162E+03 0.000E+00 1.370E+00 0.000E+00
3.981E+03 0.000E+00 2.938E+00 0.000E+00
5.012E+03 0.000E+00 6.198E+00 0.000E+00
6.310E+03 0.000E+00 1.236E+01 0.000E+00
7.943E+03 0.000E+00 2.242E+01 0.000E+00
1.000E+04 0.000E+00 3.586E+01 0.000E+00
1.259E+04 0.000E+00 5.067E+01 0.000E+00
1.585E+04 0.000E+00 6.634E+01 0.000E+00
1.995E+04 0.000E+00 8.638E+01 0.000E+00
2.512E+04 0.000E+00 1.150E+02 0.000E+00
3.162E+04 0.000E+00 1.493E+02 0.000E+00
3.981E+04 0.000E+00 1.772E+02 0.000E+00
5.012E+04 0.000E+00 1.869E+02 0.000E+00

PAH
5.012E-03= radius (micron)
T_rad    <Qem>/a   <Qabs>/a  <Qpr>/a (micron-1)
5.012E+00 1.041E-05 1.041E-05 0.000E+00
6.310E+00 1.623E-05 1.623E-05 0.000E+00
7.943E+00 2.537E-05 2.537E-05 0.000E+00
1.000E+01 3.977E-05 3.977E-05 0.000E+00
1.259E+01 6.257E-05 6.257E-05 0.000E+00
1.585E+01 9.881E-05 9.881E-05 0.000E+00
1.995E+01 1.564E-04 1.564E-04 0.000E+00
2.512E+01 2.477E-04 2.477E-04 0.000E+00
3.162E+01 3.905E-04 3.905E-04 0.000E+00
3.981E+01 6.089E-04 6.089E-04 0.000E+00
5.012E+01 9.338E-04 9.338E-04 0.000E+00
6.310E+01 1.412E-03 1.412E-03 0.000E+00
7.943E+01 2.137E-03 2.137E-03 0.000E+00
1.000E+02 3.305E-03 3.305E-03 0.000E+00
1.259E+02 5.347E-03 5.347E-03 0.000E+00
1.585E+02 9.421E-03 9.421E-03 0.000E+00
1.995E+02 1.804E-02 1.804E-02 0.000E+00
2.512E+02 3.357E-02 3.357E-02 0.000E+00
3.162E+02 5.385E-02 5.385E-02 0.000E+00
3.981E+02 7.120E-02 7.120E-02 0.000E+00
5.012E+02 7.830E-02 7.830E-02 0.000E+00
6.310E+02 7.422E-02 7.422E-02 0.000E+00
7.943E+02 6.440E-02 6.440E-02 0.000E+00
1.000E+03 5.964E-02 5.964E-02 0.000E+00
1.259E+03 7.942E-02 7.942E-02 0.000E+00
1.585E+03 1.541E-01 1.541E-01 0.000E+00
1.995E+03 0.000E+00 3.225E-01 0.000E+00
2.512E+03 0.000E+00 6.610E-01 0.000E+00
3.162E+03 0.000E+00 1.379E+00 0.000E+00
3.981E+03 0.000E+00 2.944E+00 0.000E+00
5.012E+03 0.000E+00 6.193E+00 0.000E+00
6.310E+03 0.000E+00 1.234E+01 0.000E+00
7.943E+03 0.000E+00 2.236E+01 0.000E+00
1.000E+04 0.000E+00 3.576E+01 0.000E+00
1.259E+04 0.000E+00 5.053E+01 0.000E+00
1.585E+04 0.000E+00 6.615E+01 0.000E+00
1.995E+04 0.000E+00 8.613E+01 0.000E+00
2.512E+04 0.000E+00 1.146E+02 0.000E+00
3.162E+04 0.000E+00 1.487E+02 0.000E+00
3.981E+04 0.000E+00 1.763E+02 0.000E+00
5.012E+04 0.000E+00 1.856E+02 0.000E+00

PAH
5.623E-03= radius (micron)
T_rad    <Qem>/a   <Qabs>/a  <Qpr>/a (micron-1)
5.012E+00 1.256E-04 1.256E-04 0.000E+00
6.310E+00 1.944E-04 1.944E-04 0.000E+00
7.943E+00 3.016E-04 3.016E-04 0.000E+00
1.000E+01 4.697E-04 4.697E-04 0.000E+00
1.259E+01 7.349E-04 7.349E-04 0.000E+00
1.585E+01 1.155E-03 1.155E-03 0.000E+00
1.995E+01 1.821E-03 1.821E-03 0.000E+00
2.512E+01 2.866E-03 2.866E-03 0.000E+00
3.162E+01 4.461E-03 4.461E-03 0.000E+00
3.981E+01 6.771E-03 6.771E-03 0.000E+00
5.012E+01 9.845E-03 9.845E-03 0.000E+00
6.310E+01 1.349E-02 1.349E-02 0.000E+00
7.943E+01 1.729E-02 1.729E-02 0.000E+00
1.000E+02 2.082E-02 2.082E-02 0.000E+00
1.259E+02 2.407E-02 2.407E-02 0.000E+00
1.585E+02 2.801E-02 2.801E-02 0.000E+00
1.995E+02 3.502E-02 3.502E-02 0.000E+00
2.512E+02 4.770E-02 4.770E-02 0.000E+00
3.162E+02 6.559E-02 6.559E-02 0.000E+00
3.981E+02 8.441E-02 8.441E-02 0.000E+00
5.012E+02 1.003E-01 1.003E-01 0.000E+00
6.310E+02 1.142E-01 1.142E-01 0.000E+00
7.943E+02 1.323E-01 1.323E-01 0.000E+00
1.000E+03 1.653E-01 1.653E-01 0.000E+00
1.259E+03 2.316E-01 2.316E-01 0.000E+00
1.585E+03 3.596E-01 3.596E-01 0.000E+00
1.995E+03 0.000E+00 5.868E-01 0.000E+00
2.512E+03 0.000E+00 9.818E-01 0.000E+00
3.162E+03 0.000E+00 1.714E+00 0.000E+00
3.981E+03 0.000E+00 3.153E+00 0.000E+00
5.012E+03 0.000E+00 5.981E+00 0.000E+00
6.310E+03 0.000E+00 1.126E+01 0.000E+00
7.943E+03 0.000E+00 1.996E+01 0.000E+00
1.000E+04 0.000E+00 3.172E+01 0.000E+00
1.259E+04 0.000E+00 4.469E+01 0.000E+00
1.585E+04 0.000E+00 5.836E+01 0.000E+00
1.995E+04 0.000E+00 7.609E+01 0.000E+00
2.512E+04 0.000E+00 1.020E+02 0.000E+00
3.162E+04 0.000E+00 1.333E+02 0.000E+00
3.981E+04 0.000E+00 1.590E+02 0.000E+00
5.012E+04 0.000E+00 1.683E+02 0.000E+00

PAH
6.310E-03= radius (micron)
T_rad    <Qem>/a   <Qabs>/a  <Qpr>/a (micron-1)
5.012E+00 2.057E-04 2.057E-04 0.000E+00
6.310E+00 3.186E-04 3.186E-04 0.000E+00
7.943E+00 4.944E-04 4.944E-04 0.000E+00
1.000E+01 7.698E-04 7.698E-04 0.000E+00
1.259E+01 1.204E-03 1.204E-03 0.000E+00
1.585E+01 1.892E-03 1.892E-03 0.000E+00
1.995E+01 2.983E-03 2.983E-03 0.000E+00
2.512E+01 4.698E-03 4.698E-03 0.000E+00
3.162E+01 7.322E-03 7.322E-03 0.000E+00
3.981E+01 1.112E-02 1.112E-02 0.000E+00
5.012E+01 1.618E-02 1.618E-02 0.000E+00
6.310E+01 2.211E-02 2.211E-02 0.000E+00
7.943E+01 2.814E-02 2.814E-02 0.000E+00
1.000E+02 3.338E-02 3.338E-02 0.000E+00
1.259E+02 3.750E-02 3.750E-02 0.000E+00
1.585E+02 4.132E-02 4.132E-02 0.000E+00
1.995E+02 4.717E-02 4.717E-02 0.000E+00
2.512E+02 5.781E-02 5.781E-02 0.000E+00
3.162E+02 7.398E-02 7.398E-02 0.000E+00
3.981E+02 9.383E-02 9.383E-02 0.000E+00
5.012E+02 1.159E-01 1.159E-01 0.000E+00
6.310E+02 1.427E-01 1.427E-01 0.000E+00
7.943E+02 1.805E-01 1.805E-01 0.000E+00
1.000E+03 2.402E-01 2.402E-01 0.000E+00
1.259E+03 3.395E-01 3.395E-01 0.000E+00
1.585E+03 5.054E-01 5.054E-01 0.000E+00
1.995E+03 0.000E+00 7.746E-01 0.000E+00
2.512E+03 0.000E+00 1.210E+00 0.000E+00
3.162E+03 0.000E+00 1.953E+00 0.000E+00
3.981E+03 0.000E+00 3.304E+00 0.000E+00
5.012E+03 0.000E+00 5.840E+00 0.000E+00
6.310E+03 0.000E+00 1.052E+01 0.000E+00
7.943E+03 0.000E+00 1.830E+01 0.000E+00
1.000E+04 0.000E+00 2.890E+01 0.000E+00
1.259E+04 0.000E+00 4.063E+01 0.000E+00
1.585E+04 0.000E+00 5.293E+01 0.000E+00
1.995E+04 0.000E+00 6.901E+01 0.000E+00
2.512E+04 0.000E+00 9.274E+01 0.000E+00
3.162E+04 0.000E+00 1.216E+02 0.000E+00
3.981E+04 0.000E+00 1.453E+02 0.000E+00
5.012E+04 0.000E+00 1.540E+02 0.000E+00

PAH
7.079E-03= radius (micron)
T_rad    <Qem>/a   <Qabs>/a  <Qpr>/a (micron-1)
5.012E+00 2.610E-04 2.610E-04 0.000E+00
6.310E+00 4.049E-04 4.049E-04 0.000E+00
7.943E+00 6.289E-04 6.289E-04 0.000E+00
1.000E+01 9.793E-04 9.793E-04 0.000E+00
1.259E+01 1.532E-03 1.532E-03 0.000E+00
1.585E+01 2.407E-03 2.407E-03 0.000E+00
1.995E+01 3.795E-03 3.795E-03 0.000E+00
2.512E+01 5.980E-03 5.980E-03 0.000E+00
3.162E+01 9.331E-03 9.331E-03 0.000E+00
3.981E+01 1.420E-02 1.420E-02 0.000E+00
5.012E+01 2.067E-02 2.067E-02 0.000E+00
6.310E+01 2.827E-02 2.827E-02 0.000E+00
7.943E+01 3.591E-02 3.591E-02 0.000E+00
1.000E+02 4.239E-02 4.239E-02 0.000E+00
1.259E+02 4.713E-02 4.713E-02 0.000E+00
1.585E+02 5.087E-02 5.087E-02 0.000E+00
1.995E+02 5.587E-02 5.587E-02 0.000E+00
2.512E+02 6.504E-02 6.504E-02 0.000E+00
3.162E+02 7.999E-02 7.999E-02 0.000E+00
3.981E+02 1.006E-01 1.006E-01 0.000E+00
5.012E+02 1.271E-01 1.271E-01 0.000E+00
6.310E+02 1.629E-01 1.629E-01 0.000E+00
7.943E+02 2.147E-01 2.147E-01 0.000E+00
1.000E+03 2.934E-01 2.934E-01 0.000E+00
1.259E+03 4.162E-01 4.162E-01 0.000E+00
1.585E+03 6.090E-01 6.090E-01 0.000E+00
1.995E+03 0.000E+00 9.081E-01 0.000E+00
2.512E+03 0.000E+00 1.373E+00 0.000E+00
3.162E+03 0.000E+00 2.125E+00 0.000E+00
3.981E+03 0.000E+00 3.417E+00 0.000E+00
5.012E+03 0.000E+00 5.751E+00 0.000E+00
6.310E+03 0.000E+00 1.001E+01 0.000E+00
7.943E+03 0.000E+00 1.715E+01 0.000E+00
1.000E+04 0.000E+00 2.697E+01 0.000E+00
1.259E+04 0.000E+00 3.782E+01 0.000E+00
1.585E+04 0.000E+00 4.915E+01 0.000E+00
1.995E+04 0.000E+00 6.397E+01 0.000E+00
2.512E+04 0.000E+00 8.582E+01 0.000E+00
3.162E+04 0.000E+00 1.122E+02 0.000E+00
3.981E+04 0.000E+00 1.338E+02 0.000E+00
5.012E+04 0.000E+00 1.416E+02 0.000E+00

PAH
7.943E-03= radius (micron)
T_rad    <Qem>/a   <Qabs>/a  <Qpr>/a (micron-1)
5.012E+00 2.989E-04 2.989E-04 0.000E+00
6.310E+00 4.646E-04 4.646E-04 0.000E+00
7.943E+00 7.223E-04 7.223E-04 0.000E+00
1.000E+01 1.125E-03 1.125E-03 0.000E+00
1.259E+01 1.760E-03 1.760E-03 0.000E+00
1.585E+01 2.766E-03 2.766E-03 0.000E+00
1.995E+01 4.362E-03 4.362E-03 0.000E+00
2.512E+01 6.877E-03 6.877E-03 0.000E+00
3.162E+01 1.074E-02 1.074E-02 0.000E+00
3.981E+01 1.637E-02 1.637E-02 0.000E+00
5.012E+01 2.387E-02 2.387E-02 0.000E+00
6.310E+01 3.267E-02 3.267E-02 0.000E+00
7.943E+01 4.149E-02 4.149E-02 0.000E+00
1.000E+02 4.887E-02 4.887E-02 0.000E+00
1.259E+02 5.405E-02 5.405E-02 0.000E+00
1.585E+02 5.772E-02 5.772E-02 0.000E+00
1.995E+02 6.211E-02 6.211E-02 0.000E+00
2.512E+02 7.023E-02 7.023E-02 0.000E+00
3.162E+02 8.431E-02 8.431E-02 0.000E+00
3.981E+02 1.054E-01 1.054E-01 0.000E+00
5.012E+02 1.350E-01 1.350E-01 0.000E+00
6.310E+02 1.772E-01 1.772E-01 0.000E+00
7.943E+02 2.390E-01 2.390E-01 0.000E+00
1.000E+03 3.312E-01 3.312E-01 0.000E+00
1.259E+03 4.707E-01 4.707E-01 0.000E+00
1.585E+03 6.828E-01 6.828E-01 0.000E+00
1.995E+03 0.000E+00 1.003E+00 0.000E+00
2.512E+03 0.000E+00 1.489E+00 0.000E+00
3.162E+03 0.000E+00 2.249E+00 0.000E+00
3.981E+03 0.000E+00 3.503E+00 0.000E+00
5.012E+03 0.000E+00 5.700E+00 0.000E+00
6.310E+03 0.000E+00 9.682E+00 0.000E+00
7.943E+03 0.000E+00 1.638E+01 0.000E+00
1.000E+04 0.000E+00 2.565E+01 0.000E+00
1.259E+04 0.000E+00 3.590E+01 0.000E+00
1.585E+04 0.000E+00 4.654E+01 0.000E+00
1.995E+04 0.000E+00 6.032E+01 0.000E+00
2.512E+04 0.000E+00 8.040E+01 0.000E+00
3.162E+04 0.000E+00 1.043E+02 0.000E+00
3.981E+04 0.000E+00 1.235E+02 0.000E+00
5.012E+04 0.000E+00 1.301E+02 0.000E+00

PAH
8.913E-03= radius (micron)
T_rad    <Qem>/a   <Qabs>/a  <Qpr>/a (micron-1)
5.012E+00 3.244E-04 3.244E-04 0.000E+00
6.310E+00 5.054E-04 5.054E-04 0.000E+00
7.943E+00 7.870E-04 7.870E-04 0.000E+00
1.000E+01 1.227E-03 1.227E-03 0.000E+00
1.259E+01 1.920E-03 1.920E-03 0.000E+00
1.585E+01 3.016E-03 3.016E-03 0.000E+00
1.995E+01 4.757E-03 4.757E-03 0.000E+00
2.512E+01 7.505E-03 7.505E-03 0.000E+00
3.162E+01 1.173E-02 1.173E-02 0.000E+00
3.981E+01 1.791E-02 1.791E-02 0.000E+00
5.012E+01 2.614E-02 2.614E-02 0.000E+00
6.310E+01 3.581E-02 3.581E-02 0.000E+00
7.943E+01 4.549E-02 4.549E-02 0.000E+00
1.000E+02 5.352E-02 5.352E-02 0.000E+00
1.259E+02 5.904E-02 5.904E-02 0.000E+00
1.585E+02 6.265E-02 6.265E-02 0.000E+00
1.995E+02 6.660E-02 6.660E-02 0.000E+00
2.512E+02 7.397E-02 7.397E-02 0.000E+00
3.162E+02 8.741E-02 8.741E-02 0.000E+00
3.981E+02 1.089E-01 1.089E-01 0.000E+00
5.012E+02 1.407E-01 1.407E-01 0.000E+00
6.310E+02 1.875E-01 1.875E-01 0.000E+00
7.943E+02 2.564E-01 2.564E-01 0.000E+00
1.000E+03 3.582E-01 3.582E-01 0.000E+00
1.259E+03 5.096E-01 5.096E-01 0.000E+00
1.585E+03 7.356E-01 7.356E-01 0.000E+00
1.995E+03 0.000E+00 1.072E+00 0.000E+00
2.512E+03 0.000E+00 1.574E+00 0.000E+00
3.162E+03 0.000E+00 2.341E+00 0.000E+00
3.981E+03 0.000E+00 3.571E+00 0.000E+00
5.012E+03 0.000E+00 5.679E+00 0.000E+00
6.310E+03 0.000E+00 9.476E+00 0.000E+00
7.943E+03 0.000E+00 1.589E+01 0.000E+00
1.000E+04 0.000E+00 2.479E+01 0.000E+00
1.259E+04 0.000E+00 3.462E+01 0.000E+00
1.585E+04 0.000E+00 4.474E+01 0.000E+00
1.995E+04 0.000E+00 5.759E+01 0.000E+00
2.512E+04 0.000E+00 7.589E+01 0.000E+00
3.162E+04 0.000E+00 9.722E+01 0.000E+00
3.981E+04 0.000E+00 1.139E+02 0.000E+00
5.012E+04 0.000E+00 1.192E+02 0.000E+00

PAH
1.000E-02= radius (micron)
T_rad    <Qem>/a   <Qabs>/a  <Qpr>/a (micron-1)
5.012E+00 3.413E-04 3.413E-04 0.000E+00
6.310E+00 5.329E-04 5.329E-04 0.000E+00
7.943E+00 8.312E-04 8.312E-04 0.000E+00
1.000E+01 1.298E-03 1.298E-03 0.000E+00
1.259E+01 2.031E-03 2.031E-03 0.000E+00
1.585E+01 3.190E-03 3.190E-03 0.000E+00
1.995E+01 5.033E-03 5.033E-03 0.000E+00
2.512E+01 7.943E-03 7.943E-03 0.000E+00
3.162E+01 1.243E-02 1.243E-02 0.000E+00
3.981E+01 1.899E-02 1.899E-02 0.000E+00
5.012E+01 2.776E-02 2.776E-02 0.000E+00
6.310E+01 3.806E-02 3.806E-02 0.000E+00
7.943E+01 4.837E-02 4.837E-02 0.000E+00
1.000E+02 5.689E-02 5.689E-02 0.000E+00
1.259E+02 6.263E-02 6.263E-02 0.000E+00
1.585E+02 6.621E-02 6.621E-02 0.000E+00
1.995E+02 6.984E-02 6.984E-02 0.000E+00
2.512E+02 7.666E-02 7.666E-02 0.000E+00
3.162E+02 8.966E-02 8.966E-02 0.000E+00
3.981E+02 1.114E-01 1.114E-01 0.000E+00
5.012E+02 1.448E-01 1.448E-01 0.000E+00
6.310E+02 1.948E-01 1.948E-01 0.000E+00
7.943E+02 2.688E-01 2.688E-01 0.000E+00
1.000E+03 3.775E-01 3.775E-01 0.000E+00
1.259E+03 5.376E-01 5.376E-01 0.000E+00
1.585E+03 7.737E-01 7.737E-01 0.000E+00
1.995E+03 0.000E+00 1.122E+00 0.000E+00
2.512E+03 0.000E+00 1.636E+00 0.000E+00
3.162E+03 0.000E+00 2.411E+00 0.000E+00
3.981E+03 0.000E+00 3.628E+00 0.000E+00
5.012E+03 0.000E+00 5.684E+00 0.000E+00
6.310E+03 0.000E+00 9.366E+00 0.000E+00
7.943E+03 0.000E+00 1.559E+01 0.000E+00
1.000E+04 0.000E+00 2.425E+01 0.000E+00
1.259E+04 0.000E+00 3.378E+01 0.000E+00
1.585E+04 0.000E+00 4.348E+01 0.000E+00
1.995E+04 0.000E+00 5.543E+01 0.000E+00
2.512E+04 0.000E+00 7.190E+01 0.000E+00
3.162E+04 0.000E+00 9.056E+01 0.000E+00
3.981E+04 0.000E+00 1.047E+02 0.000E+00
5.012E+04 0.000E+00 1.087E+02 0.000E+00
